3 -222 -95 12 -11 2 
1 -222 -93 20 -14 10 
6 -223 -93 18 -12 15 
3 -224 -95 22 -13 16 
6 -223 -95 19 -9 18 
3 -223 -93 19 -12 13 
2 -221 -92 14 -12 1 
2 -222 -94 20 -15 11 
4 -223 -97 20 -13 15 
0 -223 -93 14 -8 6 
3 -221 -94 13 -15 13 
3 -223 -93 18 -12 10 
0 -221 -94 13 -15 6 
1 -221 -96 18 -13 11 
3 -223 -92 17 -15 10 
1 -222 -94 15 -13 11 
2 -222 -95 19 -14 8 
2 -223 -94 16 -13 12 
2 -223 -96 17 -10 15 
2 -222 -94 17 -16 9 
2 -222 -93 16 -14 8 
2 -222 -96 14 -8 11 
2 -222 -93 15 -13 8 
2 -224 -96 17 -12 12 
2 -223 -96 16 -11 10 
1 -222 -96 14 -5 10 
1 -222 -95 11 -12 9 
1 -223 -94 15 -16 10 
1 -222 -93 13 -12 8 
2 -222 -92 16 -14 11 
2 -223 -94 16 -15 8 
2 -223 -96 16 -10 13 
2 -222 -94 14 -12 11 
2 -223 -95 18 -13 11 
3 -223 -93 17 -13 12 
1 -220 -97 11 -13 5 
1 -222 -95 17 -12 2 
1 -222 -94 16 -15 9 
2 -221 -92 17 -15 7 
2 -221 -95 16 -12 6 
2 -223 -95 18 -12 12 
1 -222 -93 16 -14 6 
3 -222 -95 15 -12 13 
2 -221 -96 13 -12 13 
1 -221 -94 16 -15 10 
2 -221 -95 14 -12 5 
2 -223 -93 18 -11 14 
1 -222 -94 20 -10 8 
2 -222 -95 16 -14 10 
1 -221 -95 17 -14 13 
1 -220 -93 15 -14 11 
3 -224 -92 20 -13 10 
3 -223 -96 18 -14 7 
1 -222 -94 16 -13 6 
2 -222 -96 20 -12 12 
2 -223 -96 19 -12 6 
2 -224 -94 18 -13 5 
2 -221 -95 17 -15 11 
3 -222 -95 18 -11 12 
2 -222 -95 17 -15 7 
3 -222 -93 18 -11 11 
2 -222 -95 19 -10 14 
2 -221 -95 17 -14 10 
3 -221 -94 17 -14 9 
3 -222 -92 16 -12 7 
1 -223 -96 14 -15 6 
2 -221 -95 15 -10 4 
2 -223 -94 15 -14 9 
1 -222 -95 20 -13 11 
2 -221 -94 18 -12 10 
4 -222 -95 16 -14 13 
2 -222 -97 17 -10 9 
3 -221 -93 15 -10 11 
2 -221 -94 16 -13 10 
1 -223 -94 17 -12 6 
2 -221 -93 13 -10 8 
1 -222 -95 13 -13 9 
1 -222 -94 14 -14 13 
3 -223 -94 15 -14 4 
2 -222 -95 20 -10 10 
1 -223 -95 13 -12 11 
1 -221 -94 13 -13 2 
2 -222 -95 17 -14 12 
2 -222 -95 16 -11 7 
1 -221 -94 11 -12 7 
2 -222 -92 17 -9 6 
3 -223 -96 16 -9 14 
1 -221 -95 15 -16 4 
3 -223 -94 14 -15 10 
3 -222 -92 13 -11 7 
1 -221 -94 13 -10 11 
2 -222 -94 14 -13 14 
1 -222 -93 11 -12 9 
1 -222 -94 12 -14 8 
3 -223 -95 14 -12 7 
1 -222 -96 14 -13 12 
2 -222 -93 13 -16 10 
3 -222 -94 16 -12 12 
2 -222 -96 20 -14 11 
2 -223 -95 14 -12 11 
3 -223 -95 19 -14 9 
1 -223 -94 13 -15 12 
1 -222 -96 9 -12 3 
2 -221 -93 15 -14 9 
1 -221 -94 16 -10 13 
1 -222 -93 16 -13 11 
1 -221 -95 15 -13 5 
3 -221 -95 14 -12 16 
1 -221 -94 18 -9 13 
2 -223 -94 12 -9 1 
2 -221 -95 14 -13 5 
2 -221 -95 18 -15 12 
1 -223 -94 17 -12 12 
2 -221 -93 14 -12 9 
3 -222 -94 16 -15 13 
1 -221 -93 13 -7 6 
3 -222 -94 13 -9 5 
3 -223 -95 19 -11 10 
2 -222 -96 18 -6 9 
2 -221 -95 16 -12 3 
1 -223 -94 11 -9 1 
5 -222 -95 16 -16 11 
1 -221 -94 18 -12 8 
3 -223 -96 18 -13 8 
2 -220 -95 14 -16 3 
2 -220 -94 20 -11 10 
2 -224 -93 14 -9 2 
3 -223 -95 20 -11 13 
1 -223 -95 17 -10 20 
2 -221 -96 15 -11 6 
4 -224 -95 21 -15 16 
1 -222 -94 14 -14 11 
2 -222 -96 16 -12 2 
3 -222 -94 21 -14 14 
2 -223 -97 17 -12 12 
1 -221 -93 15 -11 9 
2 -223 -95 13 -13 6 
3 -223 -95 18 -10 16 
3 -223 -95 13 -12 15 
2 -223 -95 18 -10 14 
0 -221 -95 10 -15 3 
3 -223 -92 11 -9 2 
3 -222 -93 18 -9 21 
0 -223 -95 16 -13 6 
5 -222 -94 12 -9 -4 
4 -224 -95 19 -12 21 
1 -223 -97 27 -10 28 
0 -221 -95 10 -12 -9 
5 -224 -94 23 -7 27 
0 -221 -96 20 -8 19 
4 -222 -95 14 -11 0 
6 -223 -96 22 -13 18 
0 -224 -95 17 -14 10 
1 -222 -94 11 -12 1 
4 -220 -93 17 -10 6 
2 -223 -93 22 -14 16 
0 -222 -94 13 -12 -7 
2 -219 -95 7 -19 4 
0 -225 -95 13 -17 5 
5 -224 -97 20 -11 13 
4 -221 -92 23 -9 26 
-1 -220 -94 17 -14 10 
2 -221 -95 16 -15 -1 
1 -222 -96 25 -15 17 
1 -221 -96 17 -11 9 
1 -222 -93 12 -10 6 
1 -224 -95 16 -12 5 
1 -223 -93 21 -14 8 
2 -224 -95 20 -14 12 
1 -221 -95 16 -13 4 
3 -224 -95 16 -15 11 
1 -222 -93 16 -12 9 
1 -222 -95 18 -11 7 
4 -222 -94 22 -9 13 
2 -222 -95 24 -10 14 
1 -223 -96 14 -10 5 
4 -223 -95 17 -12 11 
2 -222 -94 20 -13 18 
-1 -223 -95 13 -15 5 
4 -222 -93 17 -11 11 
2 -222 -94 19 -12 18 
2 -222 -93 17 -7 6 
2 -222 -94 18 -10 11 
2 -222 -92 12 -14 3 
2 -223 -94 15 -11 10 
1 -223 -97 17 -13 11 
2 -222 -94 16 -7 6 
1 -221 -93 17 -15 8 
1 -221 -96 15 -15 7 
2 -222 -93 14 -14 9 
1 -221 -94 14 -14 7 
2 -221 -93 16 -13 7 
2 -223 -92 20 -15 10 
2 -223 -94 20 -10 10 
1 -222 -94 17 -13 7 
2 -222 -96 20 -13 11 
3 -222 -92 20 -12 12 
2 -223 -93 17 -16 6 
2 -221 -94 18 -11 8 
1 -222 -92 19 -11 10 
2 -222 -94 19 -13 10 
2 -223 -94 17 -16 7 
3 -222 -94 19 -7 11 
2 -222 -95 17 -10 7 
2 -223 -95 20 -15 11 
1 -222 -93 17 -13 6 
2 -221 -94 16 -12 9 
2 -223 -94 20 -12 8 
2 -223 -94 16 -13 8 
2 -222 -93 19 -13 11 
2 -222 -95 15 -14 8 
2 -222 -95 16 -10 6 
2 -223 -96 18 -12 8 
1 -223 -94 15 -15 6 
1 -222 -94 17 -12 9 
2 -221 -95 16 -12 9 
2 -221 -94 18 -13 9 
1 -222 -95 18 -13 9 
3 -222 -94 14 -13 8 
1 -222 -94 17 -10 12 
2 -222 -94 17 -13 12 
2 -223 -94 15 -14 9 
2 -223 -94 14 -12 12 
2 -222 -96 17 -16 6 
1 -222 -95 17 -12 13 
1 -220 -94 15 -17 12 
1 -222 -94 16 -11 9 
3 -223 -94 15 -13 8 
2 -222 -94 15 -15 9 
2 -222 -94 18 -13 8 
2 -221 -94 20 -10 4 
1 -222 -94 21 -13 6 
2 -222 -95 19 -16 9 
2 -222 -94 18 -13 5 
2 -222 -94 15 -10 8 
2 -222 -93 18 -13 10 
2 -222 -94 17 -15 8 
1 -221 -93 14 -13 10 
2 -223 -96 18 -13 7 
2 -222 -93 17 -9 10 
2 -224 -96 18 -16 9 
3 -222 -96 16 -19 4 
2 -222 -95 18 -12 8 
2 -222 -95 20 -15 10 
1 -221 -94 16 -11 6 
1 -221 -95 13 -15 6 
2 -223 -95 17 -12 13 
3 -223 -94 16 -13 8 
1 -221 -95 12 -14 7 
2 -223 -95 15 -13 6 
4 -223 -94 13 -13 11 
2 -223 -94 14 -14 12 
1 -221 -94 13 -12 3 
5 -223 -93 22 -13 16 
0 -221 -96 17 -11 7 
1 -221 -94 12 -14 1 
4 -223 -95 18 -14 16 
0 -222 -95 18 -11 2 
4 -223 -94 17 -14 5 
2 -222 -95 18 -16 15 
1 -222 -94 15 -13 0 
10 -260 -93 16 11 18 
-7 -207 -82 -8 -45 -64 
0 -230 -111 31 -24 25 
6 -224 -87 17 -9 25 
10 -223 -95 12 -11 18 
2 -223 -96 27 -16 14 
-4 -218 -86 8 -17 -12 
-1 -222 -97 29 -10 21 
1 -224 -96 15 -17 0 
0 -226 -95 21 -9 14 
6 -221 -93 11 -14 8 
2 -220 -93 5 -17 -7 
0 -225 -92 8 -17 4 
5 -219 -94 20 -11 22 
2 -224 -95 25 -15 13 
0 -218 -92 10 -9 -2 
1 -217 -95 19 -15 8 
4 -220 -94 19 -19 14 
-2 -224 -95 5 -11 -4 
4 -220 -95 15 -15 12 
0 -222 -93 11 -13 -1 
1 -222 -94 18 -11 12 
3 -224 -96 17 -18 10 
1 -221 -93 10 -13 0 
3 -222 -95 15 -12 10 
2 -223 -94 18 -14 18 
3 -222 -96 17 -15 11 
3 -223 -95 16 -16 12 
1 -220 -93 15 -12 8 
3 -221 -94 17 -11 12 
1 -226 -96 19 -6 15 
2 -221 -95 13 -8 6 
2 -221 -93 17 -18 6 
3 -222 -95 14 -10 7 
-1 -224 -96 13 -6 4 
4 -225 -94 29 -18 13 
9 -247 -69 57 -37 167 
4 -226 -98 11 -10 -10 
1 -223 -94 16 -8 17 
4 -223 -96 18 -3 30 
-3 -218 -91 9 -10 7 
2 -221 -95 31 -8 51 
5 -223 -96 17 -16 0 
-5 -217 -88 -23 -31 -60 
11 -222 -96 37 2 70 
-6 -220 -90 1 -20 -34 
1 -221 -96 20 -10 25 
10 -223 -98 26 -8 28 
8 -225 -95 12 -15 -8 
2 -225 -96 1 -27 -32 
2 -223 -95 25 -3 51 
6 -222 -96 18 -13 13 
0 -220 -91 14 -14 18 
6 -223 -96 28 -12 24 
2 -223 -96 10 -18 -16 
-1 -223 -94 12 -15 5 
6 -224 -97 26 -5 46 
4 -224 -97 21 -9 20 
-1 -221 -93 7 -20 -26 
-3 -222 -92 17 -15 4 
5 -224 -99 24 -10 24 
2 -221 -97 18 -7 26 
2 -223 -96 5 -18 -25 
3 -222 -95 23 -4 39 
5 -224 -95 10 -13 14 
2 -224 -95 8 -17 -2 
-9 -237 -71 -36 -15 -117 
2 -241 -57 -53 -27 -63 
5 -243 -70 70 7 64 
0 -236 -52 -1 -31 33 
-1 -247 -70 33 11 -7 
7 -246 -68 6 12 24 
2 -235 -68 45 71 15 
4 -241 -69 33 31 -3 
8 -231 -27 -3 -81 41 
-5 -232 -39 2 -61 -59 
4 -237 -55 -11 -61 6 
7 -242 -40 66 36 50 
-6 -233 -58 -29 -44 -68 
14 -240 -48 -48 26 17 
7 -238 -53 9 25 67 
5 -233 -52 15 -47 -67 
5 -238 -63 -25 19 -29 
0 -234 -55 8 9 87 
-4 -237 -52 23 -54 -49 
4 -239 -61 20 21 35 
5 -239 -64 -6 -8 -20 
5 -234 -60 27 20 35 
4 -237 -60 -5 1 -52 
8 -234 -58 13 -22 4 
8 -239 -64 68 -36 110 
-6 -112 -15 -3 -907 -83 
5 9 26 47 -1696 82 
141 -263 -1575 -310 1881 1223 
-22 7 -7 118 702 1794 
-118 -65 -147 580 3136 300 
-4 -302 28 -207 -916 -827 
4 -251 -171 168 447 330 
-86 -221 -77 3 -97 17 
-4 -256 -65 20 -63 53 
-58 -235 -53 -34 -55 -127 
-35 -233 -61 45 -8 83 
-31 -231 -64 42 -4 81 
-39 -234 -59 -8 -28 -69 
-52 -222 -56 3 -42 -12 
-24 -243 -67 41 -18 85 
-42 -227 -57 -12 -36 -66 
-43 -223 -51 -24 -56 -82 
-57 -242 -81 2 -63 223 
-75 -240 -37 -1030 144 -753 
-1 -248 -67 -246 150 -275 
-57 -266 -18 295 607 45 
-77 -302 -48 -125 335 -12 
-15 -336 -88 807 -865 334 
-75 -270 -116 963 -1967 25 
-87 -205 -239 1332 -1149 -6 
-138 -136 -206 -250 -713 -621 
-85 -125 -202 -486 -566 -480 
-30 -90 -181 -545 -273 -330 
-1 -103 -184 -826 -269 -320 
19 -132 -214 -380 -591 407 
-14 -163 -181 -865 -602 176 
4 -149 -207 -468 -705 557 
-24 -161 -176 -597 -474 687 
33 -159 -184 -806 -57 312 
42 -173 -161 -321 -184 566 
21 -137 -147 -501 -243 265 
17 -123 -128 -235 -51 289 
30 -128 -99 -228 51 -43 
27 -137 -92 191 -46 5 
1 -141 -100 424 121 4 
-9 -153 -123 193 396 -199 
-1 -196 -138 201 585 -314 
-9 -203 -63 -146 289 -100 
52 -225 -120 90 1439 -857 
1 -301 -34 712 300 -90 
-63 -247 -29 451 372 -317 
-14 -217 -59 188 857 -318 
-54 -234 -43 -86 1199 -471 
-12 -300 -31 -175 748 -511 
1 -273 -53 -113 191 -151 
32 -255 -50 290 156 -89 
11 -248 -42 423 231 172 
-27 -255 -38 509 -893 -155 
-36 -224 -99 414 -554 241 
36 -298 -80 -84 -79 -295 
12 -240 -76 359 -5 -177 
-10 -224 -73 585 -94 -218 
4 -178 -67 -419 2054 -698 
15 -136 -127 86 -795 93 
34 -222 -76 95 -313 315 
19 -223 -74 195 -730 639 
23 -193 -259 255 -58 131 
-9 -224 -122 117 -20 -127 
-1 -215 -97 -170 2 -268 
58 -222 -105 204 -4 176 
-10 -280 -194 -151 -109 -137 
-60 -205 -79 -40 -24 -182 
-15 -216 -86 191 -7 19 
125 -244 -132 28 -82 403 
2 -225 -79 -19 -4 23 
22 -244 -50 -128 -19 184 
-9 -231 -53 66 -22 -97 
22 -237 -51 -11 -11 -48 
-13 -235 -57 -40 11 60 
-5 -237 -59 0 -21 -236 
-3 -234 -54 -38 -24 50 
-9 -244 -60 131 -41 258 
-46 -142 -475 -168 -39 -1153 
28 -254 -44 -126 -26 -159 
39 -207 -114 -15 -4 104 
33 -226 -105 53 -8 294 
23 -222 -112 -5 -25 57 
20 -212 -135 155 -37 308 
-10 -209 -116 118 -19 99 
-8 -206 -151 -105 -16 -98 
21 -224 -116 50 -1 61 
7 -222 -83 5 -52 -29 
-2 -221 -95 11 -20 -87 
6 -219 -101 46 -14 58 
9 -232 -73 19 -18 -25 
2 -232 -80 -4 -26 -72 
12 -232 -77 4 3 14 
-14 -206 -116 -27 -22 -14 
-9 -224 -87 -155 -13 -25 
-15 -204 -80 -67 -24 -166 
10 -218 -90 5 -7 27 
1 -215 -94 5 -11 -11 
1 -223 -94 -33 -6 -36 
13 -219 -81 -42 -9 -42 
16 -221 -94 5 -10 10 
7 -221 -94 25 -12 35 
7 -222 -96 -4 -31 21 
-25 -222 -78 -8 -16 -89 
0 -232 -77 17 -12 19 
-46 -205 -127 -94 4 -114 
3 -219 -99 -82 -17 66 
1 -218 -118 3 -8 -39 
-2 -226 -90 31 -13 44 
5 -219 -71 45 -20 2 
4 -234 -67 14 -18 2 
1 -226 -92 16 -14 5 
1 -215 -105 25 -10 37 
2 -227 -84 7 -16 1 
2 -223 -97 31 -31 14 
2 -232 -79 56 43 -24 
12 -237 -72 -100 -283 50 
10 -223 -84 -18 -18 31 
-7 -218 -96 18 -9 -2 
6 -222 -93 18 -12 -9 
2 -225 -95 28 -19 14 
2 -226 -95 29 -8 71 
13 -228 -96 19 -10 19 
0 -223 -93 14 -12 23 
0 -222 -97 13 -17 10 
2 -223 -94 10 -17 7 
1 -222 -94 10 -19 18 
1 -223 -97 21 -15 17 
4 -221 -94 9 -13 4 
2 -222 -95 14 -12 5 
1 -224 -96 14 -13 4 
4 -222 -95 9 -14 4 
3 -226 -97 15 -14 15 
0 -222 -95 15 -14 20 
2 -224 -96 14 -13 19 
4 -223 -96 22 -19 28 
2 -220 -95 9 -15 10 
3 -222 -95 17 -15 51 
-1 -222 -93 12 -20 28 
-5 -219 -93 7 -18 -18 
3 -221 -95 7 -9 -2 
4 -222 -95 11 -15 11 
1 -223 -96 6 -18 4 
0 -221 -94 13 -11 17 
-4 -216 -90 8 -14 -2 
-4 -214 -93 1 -15 -12 
-6 -217 -92 3 -13 -29 
-5 -216 -90 0 -12 -21 
-2 -216 -91 5 -11 -6 
-3 -221 -94 -1 -17 -9 
1 -224 -97 13 -18 2 
9 -225 -96 20 -17 46 
-1 -226 -96 47 -9 99 
2 -221 -94 28 -11 37 
0 -222 -97 20 -16 15 
1 -224 -98 20 -17 20 
-5 -221 -93 12 -28 -22 
-27 -195 -33 -70 -5 -601 
25 -232 -53 136 -17 -54 
18 -242 -58 48 -89 165 
7 -239 -55 110 -17 341 
-17 -219 -41 -163 -2 -265 
16 -235 -41 48 -87 -133 
22 -250 -68 4 139 179 
3 -228 -28 112 -120 200 
-6 -223 -27 -52 -139 -110 
10 -241 -64 -2 62 -82 
9 -243 -72 28 -67 132 
-20 -229 -65 27 -46 -104 
16 -240 -52 -45 -5 -106 
18 -246 -66 11 -11 73 
4 -244 -65 50 -34 137 
7 -240 -61 1 -53 -137 
18 -240 -64 -23 27 6 
10 -239 -64 22 25 151 
0 -237 -47 -11 -28 -94 
9 -238 -63 -3 -10 -49 
10 -241 -58 31 -1 78 
0 -239 -62 29 -37 48 
5 -235 -58 -9 -27 -83 
11 -240 -57 55 -14 31 
22 -243 -80 244 -351 351 
2 12 28 66 -1698 123 
101 -327 -1937 -192 3769 1286 
-37 -21 -33 603 720 766 
-63 -331 -102 155 2370 482 
-73 -228 30 -307 -1033 -371 
-26 -234 -40 64 -186 270 
-58 -224 -57 -3 22 -60 
-35 -245 -64 49 4 94 
-41 -236 -67 -5 -2 -75 
-49 -230 -62 26 -3 30 
-31 -233 -61 7 -25 -3 
-47 -233 -65 39 -30 82 
-46 -231 -63 29 -23 43 
-36 -233 -63 29 -31 68 
-33 -235 -63 14 -39 34 
-38 -243 -78 75 -39 195 
-28 -203 -27 -214 -227 -31 
-34 -236 -53 -163 -86 46 
-45 -242 -56 -893 236 -289 
6 -258 -55 200 218 -27 
-31 -316 -6 2002 -209 1163 
-118 -319 -1 1586 -1156 1013 
-158 -195 -121 665 -2085 -57 
-221 -138 -169 175 -1582 -133 
-173 -70 -180 -515 -1039 21 
-142 -46 -202 -1086 -86 -426 
-65 -126 -194 -600 439 -182 
-49 -129 -172 -236 132 40 
-52 -110 -169 -520 -159 32 
-26 -108 -201 -498 305 234 
-52 -113 -118 -1313 -270 -173 
-18 -151 -186 -386 -422 803 
44 -129 -163 -759 127 342 
-12 -155 -138 -186 252 423 
-33 -164 -111 -724 248 102 
-7 -190 -119 -158 266 139 
5 -199 -114 -86 88 181 
-15 -204 -123 -128 275 -276 
12 -197 -108 272 -2 -158 
6 -195 -184 147 445 -295 
8 -218 -125 162 360 -218 
2 -205 -116 495 256 -32 
9 -181 -123 -104 644 -705 
30 -189 -82 -156 966 -748 
44 -203 -80 113 398 -712 
63 -216 -95 341 231 -244 
35 -212 -84 12 368 -841 
-25 -274 2 647 349 87 
-49 -262 -15 391 104 80 
-24 -248 -17 150 211 -34 
54 -336 -10 -219 1174 -963 
86 -261 -14 404 -411 227 
17 -264 -33 294 -372 807 
-2 -202 -33 40 881 271 
15 -231 -45 297 -526 1034 
134 -274 258 -477 -907 85 
-8 -246 -96 15 -25 115 
-20 -210 -107 -28 -11 53 
-7 -220 -94 -31 0 -99 
-6 -218 -92 40 -70 -153 
-8 -211 -80 -14 -9 -77 
35 -241 -113 -123 -23 -305 
10 -228 -96 -64 -106 187 
2 -205 -139 486 -52 851 
-27 -186 -162 -61 741 -56 
-36 -207 -95 144 -83 -99 
-34 -196 -118 33 67 -279 
-9 -217 -93 -15 -15 -35 
-1 -224 -98 45 -10 70 
4 -224 -96 24 -13 24 
3 -223 -96 25 -12 34 
8 -219 -94 12 -15 13 
7 -221 -93 11 -14 4 
7 -223 -96 1 -13 -5 
5 -222 -93 7 -15 -1 
7 -222 -94 13 -13 2 
2 -220 -94 3 -18 -9 
9 -221 -92 9 -18 4 
4 -222 -95 7 -25 -5 
5 -221 -94 2 -17 -37 
9 -223 -94 16 -16 19 
7 -219 -92 12 -13 0 
4 -227 -95 22 -12 16 
9 -220 -94 13 -16 13 
4 -220 -93 14 -11 16 
8 -223 -95 22 -12 73 
-1 -224 -87 -18 -6 -20 
2 -230 -60 17 -2 -158 
5 -230 -46 -31 -9 119 
2 -248 -60 -97 -22 -187 
18 -251 -67 90 -56 -1 
12 -239 -55 17 59 232 
-5 -231 -66 -42 55 -113 
3 -224 -32 -34 -126 -133 
17 -230 -26 12 42 85 
13 -243 -41 56 -57 190 
0 -236 -41 4 35 -89 
5 -228 -43 -31 35 -109 
24 -241 -49 95 -43 97 
-2 -232 -52 47 -36 76 
3 -237 -65 0 -18 -138 
12 -242 -49 31 -52 -16 
7 -237 -59 73 -44 107 
-2 -236 -57 7 -34 19 
6 -236 -52 -27 20 -141 
8 -241 -47 -17 -5 -35 
12 -238 -68 42 4 72 
1 -235 -51 24 25 96 
2 -238 -58 36 -1 -4 
9 -234 -60 -1 -4 -30 
8 -239 -60 60 2 87 
-7 -224 -41 6 -265 -188 
-1 14 35 21 -1711 -41 
1 11 23 43 -1714 -64 
103 -329 -2115 469 6015 2306 
-27 44 -101 785 883 2501 
-238 -323 77 -217 -25 -885 
-21 -234 -121 -393 -53 -1239 
-57 -226 -81 166 147 445 
-23 -242 -68 -42 -40 -165 
-55 -228 -64 -23 -28 -106 
-47 -232 -68 32 -15 63 
-21 -232 -63 10 -146 170 
-63 -233 -70 35 30 101 
-272 -214 -70 220 88 -580 
-46 -265 -69 45 695 -382 
-65 -331 -49 1553 1074 75 
-117 -323 -25 2248 -922 1206 
-135 -177 -91 673 -1531 901 
-184 -139 -70 -33 -1060 234 
-112 -128 -137 -438 -412 118 
-120 -140 -146 -533 -278 211 
-114 -143 -178 -1132 -268 -561 
-57 -156 -210 -612 -762 387 
-68 -121 -218 -844 -842 -34 
-40 -69 -206 -1046 -848 283 
-11 -61 -227 -1037 -287 233 
-18 -93 -210 -1102 -146 250 
44 -125 -245 -124 -253 238 
-8 -127 -201 35 -486 267 
2 -101 -192 -389 -293 138 
20 -110 -203 339 145 542 
-17 -127 -175 -587 1456 -548 
-1 -206 -162 -435 1533 -253 
-5 -216 -108 22 470 -126 
12 -202 -75 298 141 -116 
-41 -219 -23 744 325 -22 
-29 -183 -109 186 597 -452 
30 -280 -105 98 1012 -1080 
12 -267 -63 547 -122 -512 
5 -198 -89 117 -96 -1123 
60 -198 -95 2 -64 -920 
46 -169 -113 323 49 -255 
22 -176 -112 144 175 -294 
3 -197 -90 -15 292 37 
-49 -249 -60 -93 671 -774 
-98 -287 -94 -1402 1381 -2282 
76 -299 -25 664 -104 1257 
121 -370 -45 428 92 1242 
3 -230 -44 -64 962 265 
40 -255 -21 210 -484 802 
-26 -245 -95 71 -461 99 
-25 -238 -69 -63 -78 -100 
-4 -238 -63 310 -1577 -76 
-32 -200 -59 -72 -59 -102 
-19 -226 -100 82 -3 54 
-4 -244 -45 -30 37 180 
16 -245 -37 -301 -91 -819 
9 -279 -58 70 15 838 
-24 -234 -75 7 -43 -93 
137 -425 -299 302 -33 -695 
-18 -181 -196 307 88 710 
-38 -185 -143 11 63 -134 
8 -231 -67 -258 -69 -344 
37 -211 -105 39 -18 159 
-2 -197 -115 82 5 553 
-15 -228 -124 133 48 -143 
28 -235 -78 -59 -28 -115 
23 -221 -85 121 -46 192 
-182 -95 -21 -335 -101 -619 
32 -222 -35 -219 14 -436 
7 -222 -86 -15 -12 17 
7 -223 -98 20 -14 1 
10 -220 -93 21 -7 14 
8 -221 -92 13 -15 13 
8 -223 -93 18 -16 -1 
14 -222 -94 12 -8 11 
7 -222 -94 13 -18 9 
10 -221 -92 13 -14 1 
11 -221 -94 17 -10 22 
7 -219 -92 8 -14 4 
11 -221 -94 18 -14 16 
9 -221 -95 13 -17 11 
10 -222 -95 14 -14 18 
8 -222 -94 19 -16 23 
10 -221 -94 19 -18 23 
8 -222 -94 16 -14 19 
11 -223 -96 26 -11 41 
8 -220 -94 13 -16 12 
9 -220 -95 19 -9 16 
9 -221 -95 8 -12 7 
6 -220 -96 13 -19 10 
8 -222 -94 12 -16 9 
7 -220 -95 13 -14 12 
7 -221 -96 15 -8 11 
6 -222 -96 13 -19 11 
9 -223 -98 22 -31 35 
3 -221 -97 17 -12 14 
6 -222 -97 18 -15 19 
4 -222 -98 16 -10 13 
6 -221 -98 15 -11 16 
7 -223 -96 20 -14 7 
4 -222 -96 22 -7 27 
5 -222 -94 25 -10 27 
7 -222 -93 49 -15 51 
43 -263 -2 -156 -218 331 
-10 -232 -52 313 8 51 
-4 -236 -59 -277 43 -167 
12 -239 -85 55 -29 -203 
13 -235 -42 -86 -129 29 
24 -246 -61 195 14 411 
-2 -243 -62 -30 141 179 
-6 -249 -68 9 86 -186 
8 -248 -70 122 56 90 
-1 -241 -79 20 -15 48 
-6 -239 -70 18 -34 -9 
14 -242 -64 73 -24 -80 
8 -235 -55 66 -51 119 
-2 -240 -50 45 12 138 
-1 -238 -62 -42 24 -100 
14 -238 -63 6 -41 -51 
18 -239 -62 22 40 159 
-2 -233 -65 -9 34 63 
3 -239 -62 -18 -7 -81 
9 -237 -68 32 28 35 
3 -240 -57 31 -20 95 
-1 -237 -60 -17 -6 -75 
8 -233 -59 -24 -5 -87 
14 -236 -56 59 -25 128 
-26 -146 -33 -49 -973 -114 
1 14 28 12 -1691 93 
73 -226 -2247 480 6985 2578 
-129 -62 -70 500 1063 990 
-161 -272 44 -361 -280 -1079 
84 -288 -91 12 62 -6 
-74 -215 -45 52 24 128 
-11 -246 -71 -29 -28 -113 
-39 -235 -67 46 13 118 
-23 -236 -66 30 -4 59 
-32 -238 -65 11 -14 -12 
-38 -237 -65 15 -17 9 
-39 -235 -64 20 -6 18 
-31 -236 -67 23 -7 34 
-36 -233 -66 11 -28 26 
-34 -233 -66 20 -83 88 
-66 -209 -74 151 -115 -71 
39 -257 -56 249 -71 -40 
-12 -232 -76 243 153 -9 
-61 -236 -113 55 169 227 
-30 -232 -69 -133 -114 -125 
-23 -242 -72 41 -106 300 
-19 -264 0 -302 185 -132 
-79 -282 -79 -353 -309 9 
-39 -277 -126 449 -1595 -184 
-91 -249 -229 1262 -439 -588 
-164 -192 -204 408 19 -471 
-58 -169 -218 -430 283 -390 
-23 -143 -202 -114 -194 353 
43 -87 -222 -265 259 186 
-9 -108 -184 762 -267 724 
-77 -102 -129 -450 -702 115 
-37 -106 -169 -865 -812 -113 
-27 -126 -162 -379 -415 169 
-27 -164 -138 -841 -486 495 
88 -214 -111 -1106 -259 420 
67 -218 -125 197 -482 908 
25 -187 -57 546 -769 846 
-30 -176 -103 623 24 157 
-37 -178 -64 169 59 -238 
-61 -196 -102 115 20 -266 
-30 -184 -78 -373 669 -961 
-15 -237 -73 -360 906 -1507 
-28 -279 -56 401 771 -1099 
-38 -261 -31 218 142 -152 
-35 -248 -63 -114 725 -226 
-11 -274 -56 79 746 29 
-37 -258 -29 -43 440 712 
55 -362 -56 488 -692 -143 
-25 -209 -61 -261 1225 -364 
45 -235 -17 -41 810 68 
84 -307 -21 397 -619 271 
-23 -215 -69 -49 -390 0 
8 -311 -149 86 -41 40 
61 -245 -116 11 -15 -90 
-2 -266 -181 637 -70 205 
-36 -217 -120 107 53 121 
25 -238 -19 -314 183 -85 
-15 -228 -43 58 104 -608 
6 -223 -88 -145 58 -502 
30 -236 -60 227 26 427 
-7 -253 -50 840 -18 390 
-34 -225 -124 -252 88 -767 
-6 -252 -211 255 246 246 
-18 -338 -52 -247 -235 -311 
-20 -227 -98 49 -50 96 
-32 -195 -107 -6 -171 -186 
-18 -211 -102 -296 -342 -902 
10 -209 -113 29 -5 159 
9 -214 -107 120 43 360 
-4 -215 -94 -23 -28 -137 
14 -231 -98 -70 20 -204 
-10 -215 -98 -45 12 -84 
52 -266 -116 146 -30 265 
-4 -223 -93 48 -16 81 
12 -210 -104 -22 72 -59 
15 -221 -96 38 -12 19 
5 -222 -95 5 -15 -4 
6 -220 -96 11 -8 3 
12 -222 -98 24 -2 40 
10 -222 -94 17 -19 13 
8 -224 -97 13 -17 13 
10 -220 -94 18 -14 13 
8 -221 -95 17 -16 11 
5 -220 -95 18 -12 17 
8 -223 -92 9 -16 -5 
8 -238 -86 -51 42 -47 
16 -228 -49 49 -32 61 
4 -241 -67 -54 102 -75 
10 -242 -52 64 -20 -36 
12 -239 -57 -16 93 -221 
34 -285 -81 30 -23 -46 
14 -229 -63 40 44 101 
0 -217 -53 -131 -57 -41 
4 -219 -66 22 0 10 
18 -224 -23 -134 -42 -14 
48 -247 -28 -177 3 -86 
25 -235 -55 26 -31 58 
35 -252 -61 4 -6 186 
-5 -220 -64 -54 -19 175 
-1 -237 -75 -9 -44 -53 
9 -232 -59 -2 21 -238 
36 -225 -77 -13 -20 86 
25 -246 -64 54 3 36 
7 -231 -80 55 44 48 
17 -233 -57 70 23 134 
20 -241 -71 -37 40 81 
146 -169 -174 724 47 216 
-16 -215 -53 16 -93 -93 
29 -231 -63 -53 -70 -270 
23 -13 106 52 -1598 354 
16 12 48 -287 -1896 387 
-61 -369 -1806 70 6943 670 
-47 -88 202 -475 -3423 822 
-54 -43 -263 80 1498 370 
-3 -238 -49 -181 -112 -392 
-39 -261 -55 104 -51 228 
-51 -246 -54 -42 -22 -127 
-49 -229 -55 -3 -1 -44 
-34 -238 -58 11 -17 8 
-47 -236 -54 10 -16 0 
-41 -240 -56 19 -26 30 
-37 -245 -64 35 -40 122 
-41 -236 -55 30 -61 113 
-48 -211 -34 -70 -112 -61 
-43 -248 -60 -29 -105 -52 
-98 -245 -56 -238 91 -929 
14 -283 5 -167 110 -929 
-9 -275 -138 1074 844 -126 
-132 -236 -100 1860 -1316 1665 
-202 -196 -89 669 -1287 998 
-217 -168 -123 -1355 -994 -433 
-125 -148 -187 -1113 -779 273 
-51 -113 -180 -700 -980 981 
-50 -60 -197 -682 -545 749 
-61 -60 -178 -587 -213 1070 
-21 -84 -184 -1139 123 445 
-76 -88 -175 -1353 279 303 
-13 -159 -200 -367 152 177 
-71 -156 -159 -1262 -3 -504 
18 -167 -187 -464 -282 -303 
5 -206 -174 -317 225 -317 
40 -186 -134 -934 -430 -852 
91 -171 -131 -306 -332 -808 
66 -176 -115 122 179 -656 
57 -179 -109 296 109 -714 
47 -181 -105 82 524 -861 
72 -192 -150 676 758 -279 
22 -244 -120 1125 584 28 
5 -183 -88 451 -383 -250 
32 -154 -122 684 -205 8 
-17 -150 -124 124 374 -253 
-60 -174 -72 -261 297 -49 
-74 -260 -85 -491 960 -701 
14 -278 -68 -120 227 18 
28 -269 -41 -276 534 -389 
56 -263 -58 158 177 516 
44 -304 -93 505 614 917 
-9 -270 -47 -90 448 240 
-11 -208 -66 185 631 594 
38 -225 -169 -380 -587 -171 
25 -310 -99 -51 -224 13 
-44 -186 -86 -145 -61 -377 
-43 -257 -205 661 -35 227 
23 -219 -55 43 -9 -83 
-22 -233 -93 105 1 141 
-13 -232 -47 211 -201 -508 
74 -227 -33 -204 -10 -63 
18 -257 -56 102 26 724 
-11 -264 -67 174 -114 717 
-103 -231 -234 -610 -20 -1828 
83 -181 -79 237 144 441 
-5 -224 -99 109 -28 214 
-10 -209 -115 -81 6 -125 
50 -232 -46 22 12 -24 
6 -216 -105 34 -61 75 
-8 -210 -111 50 8 -5 
11 -224 -75 -11 10 -51 
9 -227 -81 6 -37 18 
0 -214 -112 -68 -46 -27 
17 -207 -82 24 58 82 
18 -232 -72 -15 4 4 
14 -229 -79 19 -13 117 
0 -215 -114 53 -10 198 
-4 -211 -116 48 1 13 
7 -222 -91 55 1 8 
7 -228 -85 37 -145 96 
0 -229 -76 19 -26 120 
-3 -218 -97 11 -15 -46 
2 -219 -98 25 -8 -54 
1 -221 -95 10 -16 -39 
9 -224 -97 4 -18 -20 
34 -248 -32 -128 -16 171 
-2 -220 -106 29 -19 8 
4 -221 -92 22 -10 16 
-1 -221 -94 17 -15 8 
6 -223 -94 29 -21 37 
7 -221 -93 28 -6 117 
-3 -221 -95 24 -15 79 
-7 -223 -95 73 -4 13 
-10 -216 -104 -114 -29 -376 
5 -218 -92 -99 -39 -278 
26 -222 -92 23 -2 70 
32 -262 -118 -114 -45 124 
9 -241 -70 119 -39 49 
13 -238 -49 27 -30 1 
6 -216 -37 -85 -21 -72 
12 -231 -39 -75 -130 -107 
23 -240 -36 -85 -3 -82 
15 -251 -109 141 29 79 
9 -226 -44 -25 -12 138 
-17 -228 -97 132 56 72 
19 -232 -26 -123 -41 -71 
-16 -231 -87 105 23 -101 
39 -224 -1 157 -9 -31 
15 -240 -106 37 -90 39 
12 -243 -82 55 4 141 
-2 -223 -55 20 27 -6 
18 -229 -38 22 9 -8 
28 -241 -46 -54 -37 -57 
1 -228 -73 21 21 -75 
22 -243 -74 -26 -32 -7 
29 -243 -55 9 -29 90 
24 -247 -64 38 48 53 
9 -215 -58 -1 -40 101 
23 -247 -50 16 24 102 
-6 -405 -166 -187 460 473 
23 -230 -41 120 -76 70 
42 -146 -47 372 -262 1569 
-9 9 28 -386 -1847 293 
2 15 32 -489 -1799 239 
92 -155 -703 468 8513 2352 
-85 -136 -359 -297 -675 522 
-42 -221 -34 -54 79 -343 
-29 -234 -52 38 -12 138 
-35 -243 -56 13 -9 30 
-51 -235 -55 4 -8 -16 
-44 -238 -54 12 -10 17 
-41 -235 -54 15 -6 19 
-39 -241 -58 14 -22 27 
-42 -248 -60 31 -128 269 
13 -191 -15 -565 -164 139 
-95 -229 -66 -204 218 -681 
-10 -303 14 -593 319 -1616 
62 -338 -114 2171 126 262 
-62 -351 -30 2359 -1768 195 
-89 -201 -243 621 -994 -372 
-126 -135 -218 -590 -1184 -111 
1 -71 -257 -1288 -539 -343 
61 -81 -254 -835 -134 -117 
5 -101 -244 -380 -68 -17 
14 -129 -206 -47 -881 440 
-3 -99 -175 -79 -1252 669 
-8 -60 -153 -261 -1116 1047 
-18 -57 -132 -1204 -414 562 
53 -101 -162 -1345 -3 348 
91 -105 -139 -1068 -118 215 
117 -136 -142 -776 -44 566 
115 -182 -58 172 -45 -15 
59 -223 -113 1136 576 745 
9 -291 -19 237 785 -1096 
25 -290 -56 906 932 -705 
-3 -317 -25 692 530 -677 
3 -289 -28 770 417 -386 
-11 -282 -46 551 311 60 
9 -263 -32 -201 344 -691 
-5 -215 -63 -96 165 426 
29 -228 -69 -433 730 -173 
105 -269 60 11 1243 777 
9 -240 -65 -32 -56 536 
-23 -221 -59 14 -177 435 
5 -234 -29 -160 3 -95 
3 -209 -91 112 -74 103 
-3 -238 -67 305 -66 17 
-49 -197 7 139 -168 -12 
-80 -11 -112 -176 2564 -908 
-3 -242 -129 -4 -78 -195 
-10 -217 -103 2 -105 -780 
-9 -216 -46 -172 38 -581 
16 -239 -128 263 -98 73 
6 -219 -74 27 2 38 
38 -224 -106 -38 -11 5 
31 -196 -38 -61 -34 -195 
4 -226 -98 54 58 191 
-5 -214 -90 -8 -19 -43 
29 -232 -101 60 53 156 
8 -220 -88 50 32 123 
8 -221 -86 2 -15 -18 
12 -222 -92 11 -43 -31 
11 -225 -95 18 -13 16 
13 -224 -94 12 -17 10 
13 -221 -92 11 -7 1 
13 -224 -96 15 -4 25 
10 -222 -93 10 -10 -3 
14 -222 -95 -5 -59 -76 
6 -219 -93 -10 -58 -72 
17 -225 -94 16 -17 5 
12 -221 -94 25 -13 12 
15 -223 -96 16 -13 18 
13 -221 -91 16 -61 10 
16 -229 -71 13 -24 17 
15 -232 -69 20 -16 43 
19 -234 -66 11 -29 97 
22 -238 -60 92 -17 82 
-2 -223 -57 -97 98 -153 
11 -236 -73 1 61 -23 
32 -243 -59 69 39 -87 
36 -247 -47 50 0 -32 
16 -242 -69 91 30 -32 
13 -255 -47 42 -8 91 
9 -224 -46 -104 -26 72 
-8 -243 -104 268 11 -47 
17 -244 -65 172 23 -101 
14 -245 -76 50 7 -3 
40 -246 -42 -20 -13 160 
11 -247 -75 70 -16 3 
-5 -230 -70 51 -3 -56 
19 -238 -44 -11 5 -236 
25 -204 -61 -88 -46 -136 
27 -239 -65 7 -31 130 
26 -243 -59 94 -30 145 
22 -244 -60 0 -62 136 
31 -246 -54 59 17 -46 
9 -220 -66 36 23 6 
-65 -187 -81 -334 66 -109 
23 -254 -64 -52 -86 9 
98 -214 59 203 -316 1411 
32 -15 78 -26 -1960 791 
-70 -333 -1052 -93 3147 904 
1 -110 -946 396 7970 1351 
-77 -203 -485 216 1676 91 
-75 -233 14 -211 -115 -199 
-20 -245 -62 52 -15 85 
-48 -233 -53 -20 -23 -60 
-41 -232 -56 23 -18 41 
-47 -238 -61 -5 -10 -42 
-35 -240 -61 28 -16 32 
-34 -237 -57 19 -13 27 
-40 -236 -60 6 -14 5 
-38 -238 -62 12 -16 18 
-37 -238 -60 11 -15 14 
-40 -238 -60 8 -14 -2 
-41 -236 -58 12 -15 7 
-31 -229 -49 -6 -74 61 
-51 -231 -56 -43 -36 -6 
-22 -271 -52 -1452 597 110 
-138 -248 -66 -392 -118 201 
-74 -320 -111 -154 -1011 428 
-60 -311 -244 793 -1936 291 
-168 -200 -238 952 -2187 322 
-147 -126 -246 65 -1601 -286 
-64 -25 -235 -1127 -795 -872 
28 -31 -236 -277 278 -460 
-20 -51 -219 -335 -131 234 
18 -103 -184 -1166 877 -122 
32 -145 -137 -449 228 153 
35 -149 -129 -132 -606 376 
41 -124 -125 -103 -420 -220 
46 -149 -132 31 482 -463 
19 -153 -71 343 240 -365 
33 -177 -86 72 46 -348 
47 -174 -115 0 406 -781 
34 -203 -114 -140 983 -1180 
31 -273 -62 1198 1337 305 
-132 -338 -77 809 1588 -1458 
6 -222 -40 272 -79 -231 
-31 -246 -20 18 71 70 
-65 -234 -30 -354 491 -451 
2 -273 -33 -110 -25 281 
29 -242 -32 -254 -106 -142 
69 -248 -20 122 -205 10 
42 -268 -52 713 -215 615 
-114 -130 -23 -190 1807 -777 
20 -184 -66 -251 -502 238 
8 -247 -54 26 -390 -44 
-24 -190 -108 -28 71 -153 
-51 -190 -32 17 -84 -107 
-1 -220 -83 16 -5 50 
-37 -234 -111 155 49 158 
7 -216 -104 -195 -44 -450 
26 -264 -118 -45 15 -491 
-31 -234 -57 -163 -85 5 
-8 -227 -108 10 -6 -476 
34 -212 -119 80 -39 101 
9 -208 -114 9 -20 6 
12 -208 -125 15 -11 8 
22 -221 -88 -13 -10 1 
