-28 -8 282 53 -113 11 
-32 -2 282 46 -77 12 
-23 -19 280 -27 85 15 
-29 -8 280 32 -81 11 
-31 -8 281 11 -9 7 
-24 -17 281 -19 81 12 
-32 -7 277 30 2 11 
-30 -7 276 44 -86 6 
-27 -15 279 7 4 9 
-29 -11 284 -6 40 13 
-29 -14 277 33 -21 11 
-29 -6 280 -16 36 14 
-25 -10 281 27 -84 8 
-26 -16 282 -14 81 17 
-29 -5 282 43 -118 7 
-22 -15 281 -39 118 16 
-28 -5 282 43 -96 10 
-26 -14 281 7 25 12 
-29 -8 283 26 -40 12 
-26 -15 282 16 -8 11 
-30 -4 280 29 -63 13 
-29 -12 277 -6 70 13 
-28 -10 278 48 -98 12 
-22 -16 275 -6 79 15 
5 10 276 -132 212 16 
7 2 282 198 -452 -199 
40 1 308 -64 -166 79 
47 -44 286 10 -49 4 
11 -20 275 74 68 116 
5 5 262 -23 282 17 
33 -21 293 -31 42 -78 
-5 -5 236 -20 -74 -22 
4 -14 246 119 -182 56 
22 -8 285 -2 126 -52 
27 -15 289 11 -73 37 
6 -15 261 -28 -18 0 
23 -14 284 10 -91 36 
24 -14 282 40 -55 -23 
23 -10 279 30 85 13 
16 -1 277 27 -96 14 
26 -17 288 21 -49 0 
22 -10 288 26 -30 16 
18 -13 275 30 -151 -5 
25 -22 281 -22 10 20 
27 -8 289 -12 38 12 
10 -15 260 21 -34 7 
9 -12 262 -20 32 30 
22 -17 279 16 21 2 
10 -2 267 37 -58 20 
19 1 207 -1108 -138 14 
5 6 27 -1467 -89 63 
-154 144 276 3613 -78 559 
277 -11 695 -401 612 515 
24 13 312 1 118 -120 
24 -3 293 -99 179 54 
0 4 269 34 -3 28 
13 11 285 -10 29 -5 
7 12 281 5 6 16 
2 15 281 31 -34 2 
7 19 285 28 -80 26 
19 49 265 173 993 103 
9 96 296 -29 -404 -110 
4 45 277 27 24 -22 
8 28 275 -29 83 -16 
6 40 282 -60 191 1 
8 31 281 13 57 5 
9 43 283 24 2 6 
14 34 278 -5 58 18 
18 21 276 74 -185 10 
25 61 315 -41 -341 -19 
28 -12 270 -104 299 357 
45 76 280 852 -1118 174 
-1 4 324 1152 -423 186 
145 -102 298 648 -646 222 
32 31 389 157 421 105 
9 -40 286 -358 274 116 
41 47 369 -433 324 -84 
-28 20 300 -501 384 -1144 
-37 13 286 -550 250 -1351 
-66 -12 261 -33 172 -853 
-52 -59 262 -446 -47 -529 
-66 -39 259 -577 481 -29 
-97 23 251 -597 249 -235 
-70 0 270 -528 -432 -477 
-103 2 256 -472 288 177 
-80 42 305 -508 444 -201 
-70 36 227 -547 414 238 
-62 70 262 -232 -148 136 
-53 44 259 -380 -138 125 
-41 72 234 -277 -479 127 
-49 69 232 -16 -691 182 
-61 64 259 172 -889 102 
-44 29 251 244 -1042 95 
-87 -37 258 216 -424 460 
-89 -24 288 550 -982 343 
-34 -11 303 155 127 794 
-60 30 273 103 636 855 
-75 92 260 334 -259 134 
-76 23 269 540 -840 -150 
-63 -11 285 -53 -245 -142 
-51 -7 265 -235 -511 -44 
-58 0 263 -259 -132 -61 
-37 11 289 65 -601 -16 
-30 7 276 -301 225 -25 
-41 13 252 225 47 27 
1 4 288 503 152 -2 
-1 9 295 273 788 125 
-30 17 279 588 1017 376 
-32 77 317 531 434 111 
-4 82 306 253 559 -343 
22 -19 255 513 -807 -425 
70 -29 320 -435 1521 260 
53 141 310 -17 -890 21 
29 -8 286 -419 695 302 
6 6 231 451 -742 89 
148 236 502 -151 -193 -208 
39 24 264 92 -823 368 
-39 18 284 -460 189 -66 
-66 -5 295 147 -526 -36 
-25 -39 270 -74 167 5 
-33 -2 284 46 -119 11 
-38 5 279 17 -39 2 
-24 -16 283 -40 132 29 
-29 -5 280 -3 -5 10 
-32 -5 279 24 -59 5 
-31 -2 281 -1 28 19 
-32 1 279 9 3 16 
-33 3 280 45 -144 -4 
18 -8 282 -9 26 -151 
57 -24 269 38 -274 243 
4 -10 276 -227 577 46 
-50 63 268 215 -898 125 
16 -45 279 -102 285 -116 
20 -34 274 -148 462 32 
-77 28 287 268 -866 101 
-62 -36 272 -153 379 60 
-37 -1 287 33 -23 91 
1 3 276 -3 -47 -27 
-48 -19 285 -137 376 -54 
-19 7 284 199 -496 29 
4 -25 275 -57 127 8 
-29 -21 275 42 -94 19 
-27 -10 278 -109 268 36 
-37 22 278 78 -178 4 
-26 -25 278 29 -84 4 
-62 -37 268 -26 2 0 
-49 -17 281 -2 138 14 
-25 -3 288 10 61 -48 
-25 -5 282 62 -166 -20 
-30 -9 281 -51 150 26 
-25 -7 284 -6 22 6 
-28 -21 280 24 -22 11 
-29 -6 279 -21 115 21 
-28 -12 280 20 -45 12 
-27 -12 282 -7 43 17 
-31 -8 279 22 -44 10 
-32 -10 281 22 -25 9 
-30 -8 278 -7 53 15 
-30 -8 280 25 -48 9 
-32 -10 279 20 -31 7 
-31 -4 280 7 -7 12 
-30 -10 279 22 -38 10 
-30 -7 279 19 -34 12 
-31 -5 279 15 -24 11 
-29 -8 281 11 -8 8 
-29 -11 277 17 -22 11 
-31 -6 281 15 -21 11 
-30 -7 280 12 -8 14 
-30 -9 280 6 -7 9 
-30 -9 280 18 -26 11 
-30 -9 279 1 19 13 
-29 -9 278 14 -12 13 
-30 -9 280 15 -15 11 
-31 -8 278 15 -14 14 
-30 -10 281 14 -19 12 
-30 -9 281 11 -3 15 
-29 -9 281 10 -10 13 
-30 -7 279 23 -26 13 
-30 -10 278 9 -1 13 
-31 -7 280 8 -5 14 
-31 -8 280 14 -17 12 
-31 -10 279 18 -17 10 
-30 -10 281 6 11 11 
-32 -8 281 20 -39 10 
-31 -7 281 18 -15 12 
-29 -7 280 17 -23 11 
-30 -11 279 10 1 9 
-31 -7 281 17 -25 13 
-29 -8 282 8 1 10 
-31 -9 281 15 -31 11 
-30 -8 279 17 -18 15 
-30 -7 278 10 -10 15 
-28 -10 278 1 30 16 
-28 -13 282 14 -13 9 
-32 -5 283 30 -73 7 
-27 -11 280 -17 62 12 
-28 -13 277 -19 64 16 
-25 -16 278 15 -16 14 
-31 -1 281 32 -71 3 
-30 -10 279 -17 68 15 
-28 -13 279 4 10 13 
-32 -4 282 36 -85 7 
-26 -13 281 -8 55 17 
-28 -8 283 21 -46 13 
-32 -4 279 33 -66 4 
-31 -7 280 -4 15 16 
-32 -10 275 23 -18 10 
-29 -8 280 34 -72 8 
-30 -9 278 6 15 13 
-29 -11 280 4 14 6 
-31 -12 273 17 -6 24 
-30 -7 276 35 -68 15 
-29 -10 280 -8 39 18 
-31 -5 277 31 -56 12 
-36 -4 280 8 -4 12 
-95 -47 235 136 -180 55 
-54 16 251 144 -173 -140 
-44 25 246 86 -283 -46 
-33 -34 249 -142 333 58 
-44 1 270 45 -59 -11 
-29 -7 282 38 -93 -4 
-39 0 270 60 -147 22 
-30 -13 279 -48 156 4 
-31 -12 271 -20 65 8 
-36 -4 278 37 -75 8 
-28 -3 283 -14 57 4 
-29 -11 278 29 -35 7 
-36 -1 277 51 -107 5 
-31 -1 281 15 -15 14 
-26 -12 279 -32 83 12 
-26 -13 286 -34 112 15 
-27 -15 278 -2 28 14 
-33 -2 281 20 -41 11 
-29 -12 278 -30 90 17 
-26 -14 280 6 -18 13 
-29 -13 281 40 -91 12 
-27 -11 282 -13 58 15 
-28 -12 279 9 12 14 
-31 -3 283 30 -72 8 
-27 -11 280 -7 33 11 
-30 -7 282 34 -62 10 
-32 -2 276 30 -48 10 
-28 -7 282 24 -32 11 
-27 -9 285 8 8 12 
-30 -8 278 7 -18 15 
-30 -7 275 6 3 13 
-32 -9 276 21 -43 10 
-29 -9 279 -7 31 12 
-28 -10 277 10 -32 11 
-28 -5 282 4 13 12 
-26 -12 284 -6 23 16 
-29 -8 281 35 -60 13 
-32 -3 278 23 -52 7 
-29 -9 284 -4 1 20 
-29 -8 279 18 -27 12 
-31 -7 279 17 -27 13 
-27 -9 282 12 -5 14 
-30 -8 276 10 4 8 
-32 -4 276 18 -27 10 
-26 -11 279 4 16 12 
-28 -5 284 8 -22 12 
-25 -11 282 -10 42 16 
-28 -6 283 35 -66 9 
-28 -9 283 -7 28 15 
-28 -10 279 5 0 14 
-30 -11 281 19 -25 9 
-29 -7 282 19 -38 10 
-31 -10 281 10 11 16 
-31 -10 276 9 -5 13 
-31 -8 277 11 -10 9 
-31 -8 279 22 -43 12 
-30 -10 280 -4 11 18 
-30 -7 279 20 -28 8 
-29 -8 282 12 -13 8 
-31 -12 279 -1 31 11 
-29 -9 282 21 -25 3 
-26 -15 280 29 -33 38 
-3 -11 278 113 -74 3 
15 13 277 -92 160 -29 
32 -18 290 -57 -163 -24 
22 -24 266 18 13 2 
28 -1 295 -37 -73 20 
1 -20 245 4 201 21 
13 -20 265 47 -94 34 
24 -10 280 24 -221 -21 
15 -5 260 108 132 18 
15 13 281 108 -288 87 
7 -17 263 2 131 4 
3 -9 253 24 229 5 
22 13 287 63 -105 -11 
20 -19 277 60 -15 -10 
22 1 288 -64 180 46 
22 -2 283 18 -115 -20 
21 -11 280 43 -143 10 
10 -11 271 10 80 8 
23 -12 282 3 -50 5 
8 -7 266 39 -16 8 
25 -10 287 17 -12 -4 
27 -9 293 24 -70 0 
7 -8 262 32 -26 7 
10 -7 266 17 58 32 
15 -4 274 -219 -49 28 
16 -2 62 -1530 -137 31 
0 12 24 -1476 -33 29 
-108 344 144 -809 -2056 -559 
-74 82 186 305 -147 471 
67 -14 308 -115 -2 27 
-8 25 263 85 -99 -6 
4 42 286 3 -31 -11 
3 34 283 7 -4 24 
1 28 282 6 14 16 
2 27 282 36 22 14 
0 28 282 73 60 -34 
4 35 277 70 170 34 
5 30 277 24 -10 27 
3 47 279 45 -37 18 
1 28 285 -1 109 113 
19 27 282 50 -32 67 
14 46 291 -23 51 38 
0 32 282 24 -22 9 
6 38 280 55 -70 26 
11 13 273 -23 165 56 
-25 100 312 9 -195 -91 
15 14 291 -70 447 104 
-1 70 273 7 -72 -42 
0 55 280 43 -37 10 
68 79 337 -82 149 408 
-25 52 304 912 -855 424 
-39 181 275 2374 -2499 -432 
86 -17 315 605 -303 -291 
80 -16 350 381 -916 -731 
34 -41 313 -5 -723 -90 
32 -63 277 -801 -2011 -761 
-24 -92 226 -654 -1534 -402 
-55 -118 198 -570 -1393 -268 
-56 -197 188 -667 22 93 
-87 -195 225 -550 2084 430 
-61 -99 285 -379 1745 318 
-41 -48 282 -427 2634 -20 
-38 -2 272 -263 1393 -297 
-30 -17 266 -298 1136 -422 
1 0 270 -951 838 300 
0 73 248 -803 172 174 
-2 59 247 -467 -990 -133 
-16 0 235 -389 -659 -249 
-62 -135 245 -251 592 254 
-69 11 330 449 -1227 -49 
1 -104 283 100 -487 -121 
7 -80 294 209 -530 221 
-14 -95 238 458 229 604 
11 -5 322 -32 -523 602 
-17 0 235 -482 -298 676 
-29 -19 217 -102 -783 181 
-21 -26 246 208 -199 250 
0 5 307 244 -100 234 
-2 30 309 -115 583 72 
14 59 290 470 -452 -301 
28 1 273 -17 1702 -278 
26 -30 279 828 -762 -254 
134 -81 238 -478 1265 696 
20 28 290 -132 -139 189 
44 -34 232 -109 510 717 
-1 94 270 -270 1552 362 
-5 81 283 -183 797 -83 
-9 57 245 135 -70 -77 
-84 -58 106 1753 -2229 977 
-54 15 261 260 -702 -39 
-13 135 342 -755 -1230 -226 
-40 -59 360 -22 348 405 
-20 -9 286 133 -329 -16 
-34 0 278 36 -16 -19 
-29 -26 275 19 11 19 
-31 2 287 -50 147 17 
-31 -5 278 50 -104 11 
-33 -2 280 82 -182 4 
-25 -16 281 -41 124 97 
-92 1 258 192 -444 199 
-11 -39 290 -53 217 -25 
-27 -17 277 17 41 10 
-7 39 299 24 -75 -428 
25 -32 276 58 -170 -84 
-191 107 340 -98 -487 -90 
-16 -88 252 -141 704 -56 
-48 1 284 -68 25 23 
-72 -34 245 -16 224 -7 
-89 67 294 145 -369 12 
117 -7 227 -36 391 -1059 
-45 23 277 -69 258 34 
-19 -44 278 -79 274 19 
-39 8 280 49 -125 3 
-24 -25 276 -50 183 13 
-30 -16 273 45 -51 13 
-29 -7 286 0 17 8 
-26 -13 286 -5 36 26 
-28 -12 283 18 -34 13 
-30 -7 280 20 -32 16 
-30 -11 282 17 -50 10 
-30 -5 280 6 1 13 
-30 -13 280 8 -8 11 
-30 -12 280 8 1 17 
-30 -5 281 17 -29 12 
-30 -10 278 16 -30 16 
-30 -12 281 11 2 10 
-29 -7 283 7 -12 12 
-27 -8 284 7 -17 12 
-26 -13 287 25 -21 10 
-23 -5 277 16 -49 13 
-28 -12 280 17 -30 8 
-28 -7 282 10 -4 14 
-26 -10 281 8 -8 12 
-25 -8 284 1 -11 12 
-29 -9 279 19 -54 16 
-28 -12 282 2 22 16 
-32 -6 277 21 -40 10 
-29 -8 280 12 -8 12 
-33 -5 279 -3 17 14 
-28 -11 281 3 35 13 
-29 -13 276 -3 34 18 
-31 -5 279 19 -53 11 
-31 -2 279 18 -31 12 
-30 -11 280 4 23 10 
-29 -12 282 13 -8 16 
-32 -2 277 17 -15 13 
-30 -10 278 23 -31 12 
-31 -7 278 21 -52 15 
-29 -7 281 19 -26 15 
-27 -20 278 -16 69 20 
-35 -4 280 35 -89 8 
-31 -2 279 -14 5 15 
-27 -17 281 -20 72 19 
-30 -4 281 46 -94 8 
-31 -6 283 -10 54 15 
-28 -16 281 -8 47 19 
-29 -5 284 38 -92 11 
-25 -8 285 -12 30 26 
71 9 430 -332 890 -189 
-34 -5 261 -171 335 115 
-10 -28 289 -216 632 11 
-40 -39 245 165 -227 72 
-20 -27 297 -81 275 59 
-27 -33 276 15 -4 30 
-24 -21 288 83 -218 -24 
-30 3 281 -80 185 16 
-21 -30 270 -64 179 33 
-22 -10 289 3 -26 7 
-31 -12 275 0 33 16 
-25 -12 285 13 -13 9 
-29 -10 282 27 -56 7 
-33 -6 274 23 -23 7 
-27 -7 278 20 -8 26 
-28 -10 280 7 -15 27 
-30 -10 277 6 8 5 
-29 -8 279 12 2 17 
-27 -11 285 4 19 9 
-29 -12 276 4 9 19 
-29 -6 280 22 -37 7 
-30 -9 277 6 2 11 
-28 -12 277 7 2 15 
-29 -9 282 19 -33 16 
-32 -6 278 17 -23 8 
-29 -7 281 -3 17 9 
-29 -12 279 -1 38 16 
-17 6 290 -11 -333 -9 
10 45 277 133 -390 142 
17 3 281 77 -557 11 
13 -29 268 10 174 27 
8 8 265 -13 55 47 
15 -12 284 64 -7 -55 
1 -17 269 53 157 33 
27 -16 297 -33 -15 4 
12 -18 256 54 71 31 
3 -6 261 46 -125 35 
1 -2 253 -8 17 35 
14 -24 271 -10 -6 36 
16 -12 276 -34 36 32 
24 3 288 42 -35 -2 
10 -12 263 16 -10 -3 
14 -11 273 -9 -4 34 
14 -5 272 23 -6 4 
15 -18 278 6 -38 3 
19 -14 279 24 -29 8 
24 -11 286 -9 19 5 
16 -13 273 45 -2 -1 
4 -10 261 1 25 18 
14 -7 270 -125 -25 4 
6 -4 254 -654 -194 -23 
0 13 26 -1361 -99 23 
-1873 190 1003 1926 2760 -2554 
-209 213 105 1111 287 2441 
61 178 559 711 209 -29 
-25 70 282 70 -79 23 
19 8 276 -28 147 -19 
15 17 275 -53 98 -24 
44 37 305 -39 -16 -4 
24 32 279 -22 -27 8 
28 3 285 -43 111 -51 
27 20 284 88 111 -61 
20 55 279 42 155 15 
32 25 288 25 -122 28 
19 25 274 52 122 -3 
47 19 282 -102 113 25 
21 36 283 -19 33 9 
21 36 279 8 -45 21 
21 36 280 -6 -7 21 
34 68 290 -173 -400 51 
7 48 294 -56 -321 8 
139 54 304 170 -1970 886 
-39 35 301 1447 -740 1014 
58 34 314 1536 -1889 315 
96 -66 280 898 -1367 221 
66 -62 315 -85 53 276 
49 80 229 334 161 -976 
73 85 294 553 568 -1559 
34 1 286 87 464 -1575 
7 35 298 -67 1158 -1621 
-62 -64 284 -325 604 -982 
-77 68 302 -405 608 -1132 
-71 -61 291 -826 346 -477 
-77 97 314 -636 955 -585 
-25 15 298 -552 -311 -791 
-51 -65 324 -509 -560 -421 
-32 -14 318 -821 -203 768 
-31 54 313 -940 -596 621 
9 29 295 -1144 -647 588 
-4 36 261 -1176 -545 449 
-12 -12 231 -699 -649 455 
-27 34 283 -300 -998 72 
-59 -137 235 -167 -867 765 
-108 -19 289 372 9 616 
-41 35 278 136 -455 580 
7 -23 282 298 109 1059 
-27 78 274 336 -245 863 
-41 94 285 275 -998 329 
-40 41 244 404 -1288 51 
-34 -16 246 107 -529 53 
-31 -12 247 -200 -310 -42 
-36 4 248 301 -954 -93 
1 -12 300 383 -701 57 
32 2 318 260 -306 -232 
53 -58 282 497 -271 -94 
29 -41 274 327 509 -85 
25 -1 293 395 431 -135 
23 -40 256 462 665 114 
-2 38 249 -44 434 239 
10 -41 270 -314 600 256 
-87 -10 111 336 1309 586 
34 173 406 66 2655 -411 
-39 -116 182 -39 798 571 
-24 113 288 -42 0 312 
-41 -83 135 156 1333 332 
4 29 201 -142 -3396 587 
-71 -93 377 -983 -124 499 
-109 -7 395 99 367 -10 
170 -61 267 -32 5 -10 
-25 -46 268 -15 174 121 
-30 -10 274 13 44 11 
-25 -26 282 13 17 10 
-26 -17 284 10 24 13 
-26 0 281 10 -92 13 
-29 -43 267 5 210 -12 
-25 -44 275 9 219 5 
-29 -15 265 19 181 12 
12 -26 278 0 -184 114 
-74 -110 269 -1 414 7 
83 -50 226 -140 97 286 
-17 -13 280 -23 97 30 
-26 -14 283 8 -92 15 
-27 -21 278 11 59 13 
-26 -19 281 13 0 13 
-29 -12 279 -4 25 25 
-26 -13 279 5 -13 17 
-25 -15 278 10 -19 16 
-28 -14 283 17 2 13 
-28 -12 280 6 -30 12 
-28 -16 279 12 -17 10 
-24 -18 276 18 -1 14 
-23 -14 280 13 -16 14 
-28 -16 281 10 -6 14 
-26 -13 278 11 -1 15 
-25 -15 281 6 -11 14 
-25 -16 281 11 -6 15 
-29 -12 277 22 -5 13 
-26 -13 278 14 -22 19 
-27 -15 281 13 -3 13 
-25 -13 279 11 -23 15 
-27 -11 279 12 -17 11 
-24 -17 279 12 -6 11 
-25 -15 281 9 -24 12 
-26 -15 279 9 -19 17 
-25 -14 280 12 -7 10 
-24 -14 280 13 -19 13 
-24 -19 280 8 -19 14 
-26 -14 280 11 -16 13 
-26 -16 278 12 -17 13 
-28 -13 278 10 -19 13 
-26 -15 281 9 -5 15 
-26 -11 280 10 0 8 
-23 -18 284 14 -5 16 
-32 -10 280 16 -28 17 
-28 -13 279 6 3 11 
-28 -13 280 12 -8 15 
-29 -14 279 13 -21 17 
-27 -14 278 9 -31 16 
-23 -10 281 11 -21 10 
-23 -16 278 9 34 1 
-25 -12 281 0 19 4 
-6 -34 299 26 366 9 
-24 -13 293 14 34 7 
-22 -36 293 45 221 14 
-22 -18 273 -5 -173 22 
-47 12 281 139 -329 6 
-37 -1 279 36 -11 7 
-22 -38 276 17 168 6 
-25 -19 280 16 124 7 
-24 -10 284 22 91 14 
-26 -18 277 13 -1 11 
-23 -11 282 9 -19 14 
-25 -10 282 11 0 7 
-19 -11 257 156 -10 67 
16 -3 270 30 -358 51 
2 -1 265 43 -137 32 
22 -16 279 -10 -161 51 
25 -28 273 40 196 -29 
16 -3 275 92 -213 -22 
28 -35 261 61 -31 29 
26 -7 272 -44 28 8 
-5 -9 237 23 -179 5 
14 -41 261 26 74 4 
6 -3 261 16 50 19 
24 -19 285 46 98 11 
14 -10 272 -9 17 23 
24 -19 282 20 -73 15 
22 -24 276 -4 23 25 
24 -23 277 -14 45 7 
26 -15 277 21 31 11 
18 -5 278 -14 -109 5 
21 -25 276 4 7 19 
23 -15 282 3 2 3 
11 -8 270 37 -80 11 
20 -22 274 3 63 14 
25 -15 282 -1 -8 6 
26 -20 275 -156 -46 2 
-18 3 27 -1176 148 -31 
-1984 128 1591 3312 2099 -519 
-66 -39 131 -2286 -592 -229 
-216 -12 480 579 134 -92 
-37 113 324 203 -263 -149 
13 36 288 -45 161 23 
1 66 279 100 -230 1 
27 58 277 128 17 -84 
-64 36 274 103 -172 -25 
8 36 280 11 -30 35 
2 54 281 17 -16 20 
11 44 279 -20 23 15 
6 62 279 -6 31 31 
9 36 283 -84 285 -17 
8 45 280 -65 247 9 
5 54 281 15 -4 15 
-52 97 281 398 -1498 -108 
49 -26 302 -292 903 70 
55 9 319 858 -244 755 
83 26 328 -100 172 478 
53 -9 329 -287 125 555 
-12 59 224 594 863 854 
29 161 318 748 275 126 
32 69 290 -28 758 -613 
1 75 271 -418 1530 -514 
-38 136 247 -250 973 -994 
-61 69 251 729 -2177 -16 
-22 -17 303 -341 822 211 
-67 31 270 -641 937 102 
-101 120 263 -143 1662 -494 
-26 14 348 -1039 2838 -552 
-76 167 315 -1489 2737 -651 
-146 243 246 -720 1643 -354 
-102 140 236 -365 677 -650 
-94 214 222 -562 340 -734 
-52 160 140 -876 -1387 -278 
-123 310 187 -931 -1457 -1983 
-127 24 101 711 -1058 -849 
-116 108 258 1156 -1775 -508 
-118 -4 263 1126 -1460 332 
-180 104 339 1630 -1978 453 
-36 1 363 665 -1281 863 
-70 63 276 267 -1619 1060 
-91 -4 240 687 -2034 696 
-90 37 270 5 -826 406 
-87 -43 209 91 -61 384 
-99 44 258 101 -958 145 
-22 -93 233 -43 128 71 
-72 -38 226 864 -571 350 
-49 21 229 -206 1013 -19 
-65 53 287 1084 -1839 -472 
11 -3 318 334 304 -326 
-19 45 312 567 -59 -145 
-43 38 282 1043 -1361 -273 
28 -170 248 46 530 -141 
-61 -67 250 662 890 413 
-28 74 228 -660 2037 474 
2 100 307 0 301 304 
-45 133 237 125 909 -456 
-7 56 294 297 -422 -286 
100 -83 484 -482 1982 716 
-32 89 300 -403 467 28 
-51 -15 231 1522 -3663 -347 
2 -165 188 556 1752 314 
-98 121 255 -570 -271 212 
-7 -55 380 676 -2150 235 
31 -76 236 -3 473 124 
-71 23 261 75 -98 -35 
-17 -27 288 164 -354 -36 
-25 -10 283 -122 367 46 
-33 5 280 228 -424 -22 
-43 23 286 118 -175 -3 
-99 -35 284 27 -332 -149 
-41 -63 262 12 -43 111 
-55 18 287 17 -119 171 
38 -7 269 273 -598 27 
19 -51 302 121 -269 28 
30 -39 283 -174 536 -6 
7 0 276 79 -166 30 
-140 15 274 -112 -66 46 
-74 -7 277 278 -670 89 
-66 -5 121 470 632 -153 
-38 -22 259 105 -116 87 
-27 -25 274 0 43 -1 
-35 1 276 6 -9 8 
-25 -28 277 29 -40 18 
-30 -5 277 -29 87 14 
-26 -14 280 63 -146 0 
-29 -23 283 -46 101 7 
-32 -7 280 38 -78 16 
-32 -16 275 -28 45 18 
-25 -17 280 2 7 20 
-28 -12 283 11 -2 8 
-29 -17 279 29 -54 19 
-27 -19 278 -12 46 12 
-31 -10 278 29 -49 16 
-27 -15 278 15 -24 11 
-28 -17 280 -8 39 15 
-28 -17 278 27 -53 14 
-26 -18 279 1 0 16 
-28 -14 280 15 -14 10 
-30 -12 280 8 -13 11 
-30 -14 278 18 -36 9 
-29 -15 280 -6 27 17 
-29 -16 277 33 -62 13 
-31 -14 279 7 8 13 
-26 -14 282 26 -41 11 
-32 -14 275 17 -6 10 
-30 -12 277 17 2 17 
-34 -14 272 30 -30 11 
-27 -16 280 7 2 7 
-25 -17 286 3 -7 15 
-25 -15 282 -3 6 9 
-31 -12 278 41 -75 8 
-28 -17 281 -10 42 14 
-30 -10 281 16 -27 11 
-30 -16 275 10 -14 12 
-30 -13 278 15 -23 12 
-29 -15 277 7 -2 14 
-31 -12 277 11 -24 12 
-27 -17 281 17 -14 14 
-29 -13 278 24 -35 11 
-29 -16 277 14 -4 9 
-29 -14 276 8 8 11 
-29 -14 277 29 -40 12 
-26 -14 283 5 -3 14 
-27 -14 280 13 -25 10 
-27 -16 282 13 -34 18 
-28 -12 282 8 -9 9 
-26 -18 280 27 -35 17 
-32 -12 274 54 -121 8 
-25 -14 282 7 1 14 
-28 -17 283 6 -14 19 
-28 -12 285 2 -16 7 
-30 -17 273 19 -28 11 
-30 -11 277 39 -81 13 
-30 -13 281 -1 29 10 
-29 -16 279 -10 38 12 
-30 -13 277 26 -32 11 
-29 -13 278 -4 23 10 
-29 -12 281 1 17 18 
-29 -11 277 22 -46 9 
-28 -17 276 7 11 9 
-31 -13 280 21 -32 10 
-27 -17 278 19 -5 11 
-25 -14 282 17 -94 -10 
15 -3 281 25 86 -61 
17 0 278 -11 -8 24 
21 -8 277 -14 -174 -16 
17 -42 259 51 27 24 
12 6 271 -86 306 68 
21 -2 280 -2 -222 0 
23 -40 258 4 310 21 
-10 -15 240 58 -157 77 
26 -5 295 2 0 -117 
30 -25 286 32 -104 84 
11 -7 276 138 -137 -15 
26 -10 289 -28 19 22 
22 -8 280 37 86 10 
19 -15 276 76 -90 -12 
15 -17 272 -31 93 28 
27 0 288 -13 17 0 
29 -2 289 48 -52 0 
21 -6 281 41 -79 21 
19 -23 276 -33 36 7 
17 -14 279 62 -102 -10 
28 -16 287 38 -4 11 
15 -19 271 -9 56 14 
11 -4 273 43 -52 -21 
26 -13 292 -7 -31 48 
11 -10 294 -320 -131 26 
9 9 108 -1410 -726 32 
-606 -250 -179 6316 1795 -553 
-223 57 363 2074 1482 -853 
-86 131 -65 2331 4236 -1534 
-81 121 191 368 102 -312 
-14 51 301 100 -248 20 
-5 43 274 8 107 60 
-1 55 283 78 -64 33 
-77 40 279 235 -252 -189 
-11 101 280 86 245 92 
2 49 283 91 -123 27 
0 60 275 12 -37 17 
-2 64 281 14 -18 9 
0 62 278 54 -83 19 
2 49 276 -14 91 22 
-6 69 281 38 -56 16 
-2 22 301 -21 -495 137 
-20 58 321 514 -607 793 
21 87 330 588 -1224 64 
-5 50 350 510 -1472 -138 
-9 -24 325 -134 -927 110 
-15 3 322 -173 -468 -300 
-41 -14 266 -71 -434 -320 
-45 -18 271 -9 113 -322 
-26 -38 244 -416 480 -659 
-42 -13 261 9 381 -709 
-63 -37 267 -334 986 -517 
-64 -12 273 -353 587 -739 
-59 -104 271 -444 637 -141 
-95 10 312 -414 339 -185 
-81 -30 314 -749 254 -271 
-77 -19 307 -724 568 -264 
-70 -16 293 -611 265 -299 
-58 -52 286 -416 -314 -84 
-39 5 292 -1091 650 196 
-38 20 248 -827 -123 -59 
-39 21 254 -270 -623 -10 
-15 -57 262 72 -806 255 
-18 -83 292 -308 389 995 
-69 10 328 336 -1116 440 
-13 -53 286 -130 -210 968 
-19 32 291 245 -386 970 
-39 26 292 354 -679 519 
-52 30 286 55 -841 126 
-50 -24 252 -27 -589 -75 
-57 -48 214 47 -586 -82 
-51 -9 252 28 -222 -122 
-50 -1 272 161 -169 -30 
-37 -5 298 549 -443 -311 
45 -115 356 -525 549 94 
-34 18 165 25 1500 347 
-5 64 264 845 618 60 
3 21 275 752 1320 139 
12 -26 260 1257 -241 -192 
-159 -56 318 361 -52 49 
-20 -2 277 -137 -95 105 
-25 -17 276 63 16 245 
-33 -30 277 110 -300 208 
-28 -77 262 175 -275 915 
-60 47 299 -195 1038 461 
-20 -56 258 107 465 119 
-44 32 285 -321 1601 489 
-37 76 277 46 525 -169 
-10 -19 280 -49 621 30 
-32 77 294 -178 -426 -402 
43 61 177 1156 -4029 213 
-64 -169 211 -863 681 159 
-138 -46 99 1813 504 449 
65 157 101 -1041 -2319 583 
-134 -37 345 1 6 8 
-26 -34 276 17 125 3 
-31 -25 247 -206 802 157 
-43 -1 273 379 -877 -48 
7 -40 294 -260 399 43 
-40 -5 277 310 -699 -5 
-24 7 285 230 -654 -5 
-25 -39 273 0 -35 2 
-27 -23 275 56 -2 8 
-25 -10 279 -133 383 33 
-29 -11 277 197 -507 16 
-19 -45 275 -125 375 30 
-36 5 282 -65 188 20 
-25 -16 281 119 -292 10 
-33 -4 279 -5 45 16 
-27 -11 279 34 -74 11 
-26 -19 278 36 -76 16 
-26 -22 278 1 28 20 
-29 -10 281 -12 58 17 
-30 -9 280 52 -138 10 
-26 -19 279 -28 89 15 
-30 -9 280 13 -11 12 
-29 -15 279 28 -58 12 
-27 -14 282 8 6 14 
-28 -13 281 24 -25 16 
-28 -15 279 -12 34 12 
-27 -10 284 9 -28 10 
-29 -16 278 12 -10 7 
-24 -14 282 -14 31 12 
-23 -16 284 19 -13 15 
-27 -11 284 9 -48 20 
-26 -15 280 -2 23 3 
-32 -11 274 15 -55 20 
-25 -14 282 19 -48 16 
-25 -14 285 3 34 7 
-28 -15 275 12 -15 12 
-28 -15 282 7 -4 10 
-27 -14 279 9 -7 14 
-30 -15 277 6 -11 12 
-27 -14 282 21 -36 10 
-25 -15 283 -11 41 13 
-31 -11 277 23 -52 10 
-23 -14 287 11 -8 11 
-29 -11 282 15 -43 23 
-30 -16 276 26 -33 2 
-27 -14 282 -7 27 8 
-29 -13 281 24 -54 15 
-29 -16 279 -4 31 11 
-31 -11 278 24 -18 7 
-25 -13 280 3 28 12 
-28 -14 281 9 -17 15 
-30 -11 282 26 -69 14 
-27 -17 278 11 -8 15 
-32 -3 275 41 -104 13 
-22 -21 278 10 -1 15 
-28 -9 280 19 -19 15 
-24 -12 283 11 -49 8 
-30 -12 279 -24 77 9 
-29 -8 282 40 -86 12 
-26 -17 282 -7 19 17 
-32 -10 278 39 -74 9 
-36 -8 272 0 11 12 
-35 -12 268 50 -90 12 
-30 -4 276 -17 26 3 
-27 -13 287 35 -73 15 
-31 -12 279 11 -4 8 
-28 -11 277 7 -12 -11 
33 16 300 94 -347 -4 
16 -11 281 -37 77 -5 
20 -15 268 -44 53 40 
23 -16 274 18 178 44 
30 -6 297 5 -93 17 
2 -29 260 -60 142 27 
19 -16 288 -39 -79 -21 
0 -25 238 96 8 26 
15 -25 259 53 -122 76 
28 -17 286 1 37 44 
29 -2 290 -25 -150 14 
29 -19 283 32 -1 3 
20 -7 275 69 -174 -12 
16 -19 267 -8 -63 29 
27 -16 284 -23 57 28 
20 -8 283 -27 77 8 
17 -18 278 31 -89 4 
23 -21 284 38 -89 14 
26 -17 286 16 63 3 
12 -10 264 37 -16 21 
31 -16 291 -2 -63 16 
14 -4 281 -425 -192 -40 
0 4 24 -1409 -426 -40 
0 8 25 -1027 -454 32 
-509 -323 952 155 4910 -333 
-303 87 200 -466 -2586 57 
99 62 -92 2263 3116 -921 
-57 212 102 314 -1741 -36 
9 -9 256 498 -1299 -71 
44 -29 294 -383 1062 23 
25 21 271 -144 339 25 
8 55 281 104 -239 16 
16 28 277 -15 65 23 
11 45 281 8 -20 16 
14 29 276 -10 47 21 
12 45 281 -25 64 17 
17 30 280 -47 120 4 
9 43 278 43 -108 1 
8 44 282 -40 112 15 
14 40 283 -51 50 10 
10 60 301 455 -1529 -26 
17 -15 308 -112 914 -179 
51 -14 322 1113 -1938 -293 
92 -163 287 -171 703 900 
34 -7 380 -1125 1657 1922 
9 290 394 -1730 -468 518 
-134 117 210 -768 -187 240 
-49 126 313 -418 -316 -701 
-70 91 272 -471 -699 -1189 
-87 -34 262 411 -446 -771 
-108 -96 264 -13 189 98 
-73 -49 308 -483 693 -1 
-123 35 286 -919 -232 -658 
-74 -104 209 -652 102 411 
-218 15 259 -823 1290 -135 
-138 11 260 -135 271 -451 
-96 -43 286 -130 781 -287 
-109 -11 281 171 -375 -374 
-68 1 304 -415 -412 -187 
-60 -1 277 -566 -843 -184 
-37 -43 242 -270 -801 89 
-63 -41 219 -112 -565 49 
-27 -90 225 186 -58 530 
-100 -45 230 737 2 583 
24 -136 285 242 503 660 
25 39 271 52 1114 1105 
-34 97 264 851 -1179 527 
15 -82 294 74 -796 -78 
7 -16 261 314 -467 39 
49 -45 295 46 47 104 
52 4 221 -233 912 309 
41 41 308 783 -1268 199 
45 42 235 19 745 -149 
-68 29 195 -1041 94 -240 
-49 53 176 -290 30 387 
-23 -79 259 -334 635 74 
-49 48 285 439 -1070 -3 
-59 -45 285 336 -5 11 
-104 43 92 -1323 6798 598 
-123 213 263 934 -1824 -858 
11 135 299 -329 -1116 65 
155 -100 638 969 -981 977 
-58 49 267 967 -1964 -36 
48 -4 266 459 -853 114 
6 5 211 -771 85 131 
-30 4 280 -902 -422 194 
-10 -50 286 -180 -289 48 
-10 -8 294 -153 -114 -6 
-44 -21 282 79 135 29 
16 -31 236 -35 807 67 
-20 13 269 157 1069 -53 
-37 26 279 -317 -905 -202 
-67 -67 323 113 725 73 
-74 -33 285 35 625 -9 
-29 -36 275 53 -27 16 
-29 -10 283 -90 220 28 
-24 -8 285 48 -121 11 
-26 -19 279 -1 -1 16 
-27 -17 278 -10 32 15 
-28 -12 283 -1 -7 10 
-22 -18 280 3 -16 11 
-27 -9 279 3 13 15 
-29 -16 279 24 -44 9 
-26 -14 280 18 -38 7 
-25 -19 282 6 -3 13 
-26 -17 280 24 -38 10 
-28 -14 279 -5 28 13 
-26 -14 280 26 -39 13 
-27 -15 279 4 -1 9 
-27 -13 278 6 -11 15 
-27 -14 280 20 -32 15 
-26 -15 277 -4 17 11 
-26 -13 279 7 -3 15 
-26 -15 280 15 -27 15 
-26 -14 280 2 6 13 
-26 -16 279 18 -17 12 
-24 -14 281 5 -3 12 
-27 -14 283 25 -49 13 
-22 -11 276 -34 77 22 
-25 -8 279 10 9 12 
-27 -15 279 13 -13 14 
-28 -14 278 22 -21 10 
-27 -13 280 8 -14 15 
-27 -13 281 13 -26 13 
-27 -14 280 2 13 15 
-25 -11 283 19 -11 9 
-26 -14 278 6 -4 15 
-28 -13 279 13 -18 12 
-28 -12 279 -1 21 12 
-29 -13 277 14 -13 12 
-27 -13 280 3 -3 10 
-29 -11 278 18 -32 12 
-27 -14 282 10 -26 13 
-27 -15 280 13 -11 14 
-28 -13 280 21 -13 11 
20 4 291 133 -426 67 
8 -5 272 -66 9 -12 
28 -6 270 -56 -224 17 
24 -9 279 49 154 5 
25 -8 295 -45 143 1 
24 -4 280 69 -323 20 
30 -20 301 -15 61 12 
34 1 308 -65 12 29 
16 -11 259 96 -44 -30 
23 -11 286 27 -165 17 
20 -11 280 -9 -20 35 
33 -11 291 -47 -11 -5 
20 -17 278 -24 -18 13 
12 -20 268 30 -23 2 
24 -11 279 1 48 13 
22 -13 283 56 -47 3 
22 -18 277 4 -3 -9 
30 -20 287 -25 -16 19 
13 -16 268 13 5 8 
21 -12 283 54 -78 7 
22 -14 279 12 -14 1 
30 -15 287 -8 30 -1 
39 -9 290 -203 -126 21 
14 -16 127 -1368 -79 23 
