7 -58 275 15 -14 9 
6 -58 272 18 -16 6 
7 -58 275 16 -14 4 
8 -60 274 15 -13 9 
7 -58 274 15 -15 9 
7 -60 272 23 -11 9 
8 -59 270 19 -13 5 
7 -58 273 14 -16 6 
9 -61 271 16 -15 5 
6 -58 274 12 -12 7 
8 -59 273 15 -16 11 
7 -60 273 15 -11 12 
7 -58 272 16 -12 8 
7 -59 272 15 -9 7 
7 -59 274 16 -9 9 
8 -59 273 10 -13 26 
10 -55 277 -54 -20 -38 
8 -53 275 24 -9 46 
11 -60 274 15 -10 10 
5 -59 271 7 -8 9 
7 -60 276 24 -17 7 
10 -60 272 64 -11 49 
8 -59 275 26 -13 14 
7 -60 271 0 -15 7 
7 -58 272 9 -11 6 
8 -57 275 6 -15 9 
7 -59 272 17 -13 9 
7 -58 273 23 -15 11 
6 -59 271 21 -9 7 
8 -60 274 15 -13 4 
8 -58 275 14 -18 7 
8 -60 275 19 -12 10 
8 -59 273 14 -13 9 
7 -60 272 11 -13 10 
5 -55 272 13 -13 20 
5 -59 273 14 -13 14 
6 -60 273 21 -13 7 
7 -59 273 29 -11 7 
13 -60 272 36 -10 3 
9 -55 275 18 -9 27 
15 -56 275 -15 -10 -2 
8 -57 273 5 -15 5 
7 -59 272 21 -17 11 
16 -57 274 -20 -14 -1 
4 -60 271 36 -19 0 
11 -62 272 40 -17 10 
16 -58 274 -2 -11 9 
6 -58 275 2 -12 6 
6 -58 276 17 -11 10 
8 -58 277 21 -13 3 
9 -60 271 7 -13 4 
10 -57 274 17 -14 10 
5 -58 274 5 -15 4 
3 -58 272 31 -13 9 
12 -59 272 3 -12 4 
6 -59 275 1 -9 7 
6 -58 271 32 -16 11 
10 -59 271 21 -11 13 
4 -59 272 19 -15 13 
3 -60 274 23 -12 8 
9 -57 272 35 -10 11 
11 -59 272 7 -12 8 
2 -59 273 29 -14 11 
11 -59 276 25 -13 2 
16 -61 273 9 -12 0 
3 -58 271 22 -13 14 
6 -58 272 21 -11 8 
7 -58 272 31 -12 16 
9 -60 272 15 -15 4 
6 -59 272 19 -16 6 
10 -59 275 24 -11 14 
9 -59 273 5 -13 2 
7 -59 273 25 -16 5 
7 -60 274 34 -12 8 
12 -59 275 8 -12 4 
3 -58 268 18 -24 3 
14 -58 283 13 -23 4 
6 -60 265 3 -20 5 
5 -58 271 27 -16 4 
11 -60 271 21 -6 2 
6 -57 275 17 -10 13 
9 -58 273 21 8 30 
8 -57 272 36 -13 5 
8 -59 275 23 -7 8 
6 -60 271 14 -8 3 
6 -57 272 12 -10 11 
8 -57 273 20 -18 10 
8 -59 275 12 -9 9 
9 -58 275 1 -15 -5 
5 -57 272 19 -11 9 
5 -58 273 24 -11 11 
10 -58 274 7 -12 1 
9 -60 275 5 -11 13 
5 -57 274 -3 -13 4 
7 -58 275 15 -10 3 
7 -59 273 42 -14 19 
8 -59 276 12 -8 6 
5 -60 275 11 -12 8 
9 -58 271 18 -12 3 
8 -59 272 -6 -12 7 
6 -59 272 23 -13 3 
6 -60 271 27 -12 11 
4 -58 271 19 -10 5 
5 -57 271 23 -12 7 
5 -59 269 32 -17 3 
6 -57 274 22 -23 11 
7 -57 271 26 -14 12 
10 -60 273 8 -14 7 
6 -58 273 -18 -10 -5 
6 -59 276 -107 9 68 
6 -57 276 -268 -23 -1 
28 -35 265 256 -27 267 
21 -7 275 -399 -45 -252 
-21 -11 265 123 -67 106 
-2 -5 278 350 119 -90 
27 -23 274 -209 18 77 
2 -9 275 20 7 4 
4 -27 276 67 43 58 
25 -17 280 56 -55 54 
16 -45 266 -46 98 63 
10 3 288 -250 95 46 
9 -29 277 448 -13 33 
30 -7 280 -5 38 39 
42 -22 286 -615 16 -3 
-28 -7 263 288 7 32 
27 -19 301 639 -5 43 
33 -11 281 50 -76 11 
11 -15 287 -374 18 -12 
-9 -14 264 204 -27 5 
21 -15 280 160 0 13 
24 -20 275 -152 -31 -7 
11 -11 275 14 -23 -1 
8 -14 276 67 -10 14 
19 -12 279 -42 -19 6 
1 -10 275 123 -18 4 
7 25 94 -44 -1527 88 
0 11 23 -19 -1657 75 
483 -1235 491 -3776 8824 810 
-246 -7 43 1544 393 459 
-16 33 44 831 702 1035 
-125 70 379 1520 314 -719 
-58 -47 292 106 766 -390 
-28 -66 291 168 82 89 
-28 -28 283 -2 -40 37 
-24 -21 287 37 14 -50 
-24 -32 278 16 27 -9 
-21 -28 277 15 -28 27 
-26 -25 278 8 -11 -1 
-6 -9 288 -212 -205 -14 
-82 -83 280 -753 662 -390 
-19 -26 278 -117 -304 79 
-48 -28 277 66 -15 79 
-143 4 238 1277 1030 81 
64 -29 315 663 1018 -626 
24 -35 302 -755 12 689 
-152 69 280 751 -615 34 
3 -116 342 284 -681 709 
-29 -34 307 266 -1474 430 
33 -90 291 -681 -329 -448 
73 -299 329 627 -864 309 
-40 -175 230 -11 -596 429 
-10 -224 219 -524 -309 541 
-42 -248 218 -549 -354 467 
-21 -189 178 -725 -370 117 
14 -271 154 -2254 289 1209 
-129 -204 148 -1921 1424 689 
-190 -117 183 347 628 -1681 
-13 -130 223 1029 249 -1682 
-39 -113 240 -41 -324 -1060 
-9 -98 220 727 -449 -1016 
-22 -75 222 386 -382 -368 
1 -99 242 40 -19 -157 
73 -121 261 301 286 -7 
-5 -62 262 721 337 18 
-14 -58 297 -207 497 330 
-48 -38 281 324 487 263 
-48 -38 278 256 -13 -143 
24 -100 265 258 48 27 
22 -79 254 472 -114 22 
-4 -16 268 736 534 274 
18 -19 294 -24 30 9 
-21 -3 259 64 482 64 
-30 -14 293 344 744 -151 
27 -24 300 -621 807 213 
-1 53 293 380 -255 -73 
7 -15 285 -202 52 557 
-153 -49 83 -130 752 373 
-17 53 247 1685 874 22 
-3 -53 266 -455 -257 213 
-32 -31 242 -288 -438 -173 
70 127 265 2626 -159 -1212 
-39 -10 261 -485 540 578 
-3 -78 252 -116 60 -666 
5 -78 272 47 67 189 
-20 -47 270 119 -92 -96 
4 -69 280 8 4 93 
4 -60 268 48 3 16 
10 -62 272 -8 4 20 
0 -63 272 4 -11 16 
8 -62 270 -18 -22 4 
5 -62 274 19 -11 19 
2 -60 273 4 -19 12 
4 -60 272 20 -17 4 
4 -58 271 27 -19 10 
4 -59 273 8 -16 6 
4 -59 272 15 -19 4 
5 -60 274 13 -12 4 
6 -60 272 8 -15 9 
3 -62 273 20 -8 4 
4 -61 271 14 -16 9 
2 -61 274 21 -17 7 
3 -59 274 13 -15 11 
5 -61 275 11 -7 10 
3 -61 272 14 -15 6 
4 -61 269 15 -10 9 
1 -59 270 21 -18 5 
3 -60 274 22 -13 5 
5 -61 274 14 -12 11 
3 -61 273 19 -13 7 
3 -62 275 2 -17 5 
3 -59 274 16 -16 8 
7 -62 274 13 -14 12 
6 -61 272 16 -10 8 
2 -61 273 16 -14 3 
4 -60 271 14 -12 10 
4 -60 270 14 -16 5 
3 -59 272 15 -20 7 
8 -62 272 12 -11 2 
26 -9 260 -159 -40 254 
-6 -35 258 -294 136 -145 
-20 -12 266 228 -52 94 
23 -25 268 52 16 55 
10 -11 283 -276 -55 38 
-9 2 287 14 -32 -42 
13 -10 298 168 -91 46 
17 -19 270 -194 100 -5 
-10 -30 254 -4 36 -30 
17 -7 287 -30 -34 28 
-16 -21 262 -47 -61 -3 
20 -11 288 -8 -29 35 
-10 -9 281 -15 13 -3 
-4 -9 280 261 -15 -2 
21 -20 273 -36 -16 30 
-13 -9 277 -24 -9 -8 
-3 -17 273 218 -27 0 
16 -16 279 -90 -11 10 
-6 -12 280 -32 -23 10 
-1 -14 276 152 -20 -7 
10 -13 278 -52 -17 -3 
-1 -14 277 34 -1 23 
6 -15 278 42 -3 -3 
3 -17 275 -34 -22 11 
0 -18 274 69 -37 8 
24 -36 220 -173 -692 51 
-11 13 20 -215 -1477 463 
-302 -2079 187 -2126 9311 -603 
-194 -651 525 -1512 -2403 404 
-27 -139 32 302 -89 1049 
-52 -52 33 1602 1141 990 
36 40 249 154 -493 -540 
-44 -38 348 -372 53 611 
-39 23 245 213 -15 -472 
-33 -31 258 -28 42 134 
-31 -28 284 -42 -19 -17 
-32 -13 279 -43 -13 -35 
-32 -18 282 41 -17 88 
-38 -17 277 15 -10 11 
-34 -16 279 8 -16 9 
-38 -21 273 -2 -43 48 
-39 -8 285 137 32 -71 
15 -39 351 -56 586 -1108 
79 8 278 410 -253 784 
-84 111 413 -110 -2063 2130 
-264 -86 177 -1329 -2582 288 
-307 -372 209 961 -1149 829 
-140 -231 172 785 -1183 -583 
-16 -257 121 -51 -561 -418 
-7 -233 79 -407 534 -630 
41 -188 256 -370 405 -772 
29 -186 224 -396 -295 -615 
-1 -170 189 -624 -182 -458 
-13 -196 204 -224 162 -455 
-7 -119 220 32 -228 -758 
24 -126 220 188 -543 -757 
32 -140 249 69 -487 -667 
29 -113 237 66 -783 -626 
61 -161 243 186 -39 -198 
3 -23 236 433 -5 -690 
-17 33 294 511 69 -77 
17 -51 262 426 721 471 
-2 44 279 526 932 575 
1 15 306 -135 875 75 
-6 29 306 -301 830 453 
24 -8 304 -430 1425 1434 
-72 75 287 -795 603 -109 
-144 68 175 113 303 -714 
5 27 227 1242 4 -86 
200 4 283 -276 -688 -154 
-107 -24 190 -220 247 -531 
24 -97 197 -1372 362 1004 
-24 -47 233 1412 744 455 
49 87 277 -100 -719 293 
16 -6 247 -345 -23 -605 
20 -129 220 313 -64 476 
-70 62 246 769 -600 218 
15 -68 275 -837 316 -247 
62 -87 268 -88 -9 538 
45 -65 286 -158 -12 520 
7 -72 285 -47 -53 86 
5 -49 273 53 -79 198 
4 -51 276 -9 -11 -83 
-4 -57 274 -7 2 -33 
-4 -56 277 30 -19 56 
4 -54 276 31 -22 49 
2 -56 275 -15 -13 0 
-2 -56 275 14 -13 1 
-1 -55 276 25 -24 48 
0 -54 274 19 -17 2 
-3 -56 272 -3 -5 -18 
0 -52 277 9 -25 -9 
0 -58 271 12 -8 7 
-2 -56 275 13 -11 8 
0 -55 276 18 -17 15 
1 -55 276 5 -12 21 
-4 -54 276 10 -10 -19 
0 -56 275 18 -16 37 
-1 -56 273 4 -6 -15 
-2 -55 276 16 -11 16 
1 -55 272 19 -13 15 
0 -55 274 13 -13 12 
-3 -55 274 13 -16 -1 
-2 -55 274 26 -18 27 
-2 -55 274 17 -11 7 
-2 -55 272 17 -17 16 
-2 -56 275 17 -11 16 
-1 -56 274 13 -10 9 
-38 -31 263 380 -182 -12 
31 -46 281 521 -51 490 
-2 16 270 172 -279 236 
23 9 287 -14 -44 -95 
9 -20 279 41 -59 41 
30 -15 281 -95 10 23 
4 -15 287 -92 -60 -19 
29 -28 264 72 56 73 
22 -11 276 -173 -59 -50 
-2 -7 278 133 -44 26 
21 -11 281 122 12 27 
10 -10 282 -131 -2 -24 
1 -10 276 71 -17 8 
18 -10 277 -61 -18 6 
5 -9 275 32 -18 12 
13 -15 279 35 -21 15 
10 -13 272 12 -9 6 
12 -13 279 9 -2 1 
12 -12 282 22 -27 1 
9 -11 273 76 -23 13 
12 -14 276 67 -10 14 
16 -12 276 48 -8 10 
13 -14 278 -32 1 27 
9 -42 229 165 -399 -10 
30 12 64 -582 -1371 153 
13 -22 9 -1178 1767 183 
-157 -527 1130 -3098 1163 304 
-18 -12 24 833 -128 932 
-58 27 618 -195 1327 -286 
26 -95 144 -43 -436 -87 
-33 -38 238 71 11 11 
-34 -48 267 60 -26 -11 
-38 -34 278 29 -3 24 
-20 -20 281 -10 -22 0 
-25 -21 280 20 -14 14 
-22 -5 274 -81 -120 -1 
-45 -43 304 -46 -32 19 
-175 77 249 2660 1192 -1499 
93 -90 352 -784 -591 1579 
-113 -189 286 1039 -205 1686 
-127 -200 371 717 -605 1409 
-97 -232 256 730 -933 715 
-43 -301 199 653 -559 323 
-26 -313 224 726 -413 -11 
-50 -253 237 -38 -1080 -591 
-23 -214 183 -574 -1262 -547 
-118 -173 117 -1118 -396 -1571 
-62 -104 130 -116 22 -2309 
44 -100 215 -333 214 -1690 
83 -90 232 -420 -429 -1417 
65 -99 195 -361 -375 -974 
102 -98 219 -127 -65 -1058 
125 -55 222 -144 -164 -587 
111 -107 242 -356 268 -94 
51 -45 253 -425 64 398 
32 -14 299 312 749 434 
6 46 326 909 817 229 
58 66 339 765 630 538 
52 38 315 -164 253 865 
-32 -17 271 983 1301 252 
-38 1 260 2146 1853 -241 
62 28 314 -765 1077 634 
-1 33 284 -700 -323 -188 
17 15 253 -93 -387 -93 
30 18 166 -1056 3 83 
-157 -38 82 -193 1543 -216 
-19 -148 166 9 -732 -378 
-8 -92 284 -324 -371 319 
9 80 255 -12 124 -534 
-25 -27 267 89 -16 -314 
35 -42 277 91 -174 -125 
12 -61 273 109 -55 43 
10 -56 282 -139 11 -11 
-10 -55 276 25 4 -37 
5 -54 267 108 -50 -5 
11 -52 279 -42 -7 -6 
-7 -53 272 -13 -10 93 
7 -60 276 16 -13 33 
5 -57 274 -1 -16 12 
1 -52 276 25 -16 24 
7 -54 274 16 -14 16 
1 -54 272 15 -19 6 
0 -53 275 14 -11 -1 
2 -53 273 38 -21 12 
2 -55 272 10 -16 4 
1 -55 274 16 -14 13 
3 -54 275 31 -14 -7 
3 -55 275 12 -8 -17 
2 -56 275 13 -9 10 
4 -53 277 21 -13 21 
-11 -55 269 74 -6 -15 
6 -53 275 -20 -9 38 
3 -53 273 -9 -14 33 
0 -53 273 8 -5 12 
0 -51 273 36 -17 -5 
5 -55 275 5 -8 21 
3 -51 274 -16 -6 26 
-18 -37 272 43 -153 230 
15 -5 268 -32 -21 -276 
11 -15 290 -434 122 279 
4 -17 281 157 -57 90 
-5 -4 267 43 -62 -69 
14 -12 276 22 -42 45 
7 -4 281 -25 -17 -128 
-9 2 282 165 37 72 
11 -9 276 150 -152 -19 
18 4 293 -179 152 -22 
-2 -1 289 145 -33 64 
12 -8 280 -190 8 -13 
-15 -4 271 109 -13 3 
4 -7 278 135 -26 40 
3 -9 273 -67 -9 9 
-1 -6 280 42 -15 3 
2 -7 277 35 -31 21 
1 -4 278 11 -6 19 
3 -9 277 -11 -9 -8 
3 -9 276 87 -14 17 
8 -10 280 -76 2 38 
-1 -8 273 65 -5 1 
2 -7 276 112 -23 15 
9 -10 277 -50 -2 37 
-29 2 254 26 -721 -110 
153 -88 177 -2332 3513 174 
-211 -533 588 -1896 -3278 -670 
-36 -57 40 413 -501 837 
-53 356 757 673 -599 -188 
26 -46 110 -106 227 -339 
-62 17 233 125 -107 -86 
-4 38 288 -47 -55 -66 
-28 -23 283 -7 -7 29 
-17 -21 281 -1 -4 22 
-21 -16 282 29 -18 14 
-20 -11 279 11 0 8 
-29 -11 279 45 -17 13 
-24 -9 279 16 -28 4 
-67 34 268 816 419 -843 
15 48 326 1581 445 -581 
31 22 351 458 -42 1027 
-2 -42 395 -272 -1041 2097 
-75 -119 367 209 -1001 2126 
-108 -135 352 220 -984 1791 
-91 -210 235 135 -847 573 
-79 -247 182 37 -352 -397 
-57 -204 212 -152 24 -1222 
-14 -171 231 -473 -249 -767 
-30 -128 227 -807 -625 -759 
-3 -124 204 -642 -735 -940 
-29 -105 207 -904 -816 -981 
-20 -121 193 -902 -305 -960 
-27 -65 202 578 252 -1841 
87 -65 242 579 -8 -1316 
51 -75 256 -201 -806 -503 
25 -97 247 240 -741 -547 
86 -86 302 -156 -769 -180 
34 -109 302 -806 -662 1322 
-99 -61 277 -1 127 1081 
-85 -9 259 601 155 486 
-99 -92 261 1293 1404 320 
-50 -1 290 1086 1059 -204 
59 -26 296 768 1253 -104 
-68 -23 314 378 1079 144 
-18 -2 279 -367 545 115 
-28 -1 265 -758 231 378 
-55 14 290 -272 832 -55 
19 44 212 -409 18 314 
-35 -100 165 -820 873 356 
90 -100 269 1386 734 -172 
7 -74 276 200 127 -33 
6 -46 257 182 405 76 
-28 -46 247 397 262 37 
29 -43 281 248 -571 -19 
-9 -58 291 303 -551 -22 
-34 -38 242 51 -37 182 
-40 -24 265 596 4 17 
-28 -148 267 -91 -25 -270 
-67 -34 243 187 -85 -111 
10 -82 275 2 -23 -56 
20 -71 283 -39 -12 33 
5 -54 278 -6 -17 18 
6 -54 274 27 -16 11 
12 -57 275 13 -14 12 
6 -53 276 11 -8 6 
7 -52 277 20 -9 9 
10 -52 276 16 -10 10 
7 -51 276 16 -7 8 
7 -54 274 16 -14 6 
9 -54 275 10 -12 10 
-5 -27 277 255 -209 -5 
68 -3 292 -992 119 136 
-35 -5 258 -42 107 75 
-1 -27 279 394 -19 27 
20 -27 268 -42 6 186 
2 4 278 -199 5 -169 
-4 -23 272 87 -33 92 
15 -35 272 17 -77 107 
9 -19 274 -6 -94 92 
-19 -5 264 -61 19 -75 
-2 -3 281 171 23 -28 
15 -5 281 1 -59 5 
-6 -12 269 -19 -25 5 
-6 -6 272 190 5 21 
16 -14 272 13 -11 8 
10 -11 284 -156 2 -1 
-5 -8 281 141 -49 4 
10 -4 282 92 -7 18 
3 -5 280 -117 7 11 
-3 -9 273 142 -8 10 
10 -3 280 71 -10 15 
-1 -6 279 -83 -9 17 
-5 -7 280 79 2 16 
12 -8 280 16 -17 10 
7 -6 278 -39 7 14 
-36 17 279 275 -308 -82 
-11 35 22 235 -1695 219 
120 -1997 631 -2224 10416 275 
-126 -812 280 -1977 -2797 121 
-25 -8 31 325 246 535 
-68 -143 54 1577 2851 1512 
132 -114 196 584 -453 232 
-69 54 364 -775 -101 20 
-29 12 312 453 -49 -14 
-65 0 278 66 -22 6 
-40 -10 271 86 -5 7 
-20 -10 282 9 -13 5 
-31 -10 279 24 -12 2 
-26 -11 281 -10 -3 6 
-26 -10 282 4 -14 7 
0 2 273 -237 -104 -17 
-20 -21 262 216 -91 -172 
-108 48 271 680 91 -192 
-25 6 283 625 183 -60 
12 -13 307 1569 356 -611 
52 -64 385 -430 -596 1210 
-68 -50 381 -435 -1230 1211 
-143 -138 377 753 -587 513 
-111 -134 358 425 -980 62 
-93 -183 271 804 -738 -469 
22 -165 221 588 -520 -768 
87 -206 131 437 81 -454 
71 -214 168 296 579 -396 
68 -127 249 -492 105 -225 
63 -78 180 -702 -1374 -414 
52 -125 176 -507 -483 -325 
29 -99 224 -397 -392 -372 
43 -78 239 -817 -554 -370 
59 -56 219 -639 -642 -345 
11 -84 208 -409 -133 80 
11 -58 254 30 213 204 
-13 -60 265 646 343 104 
22 -43 320 645 445 100 
21 -10 343 -388 -143 593 
-4 -71 328 1318 932 250 
35 7 277 -646 -146 254 
-21 19 275 407 624 -11 
7 -8 287 -38 490 -21 
31 -10 293 -222 376 82 
-43 30 256 310 421 -269 
131 -208 363 206 95 -218 
-18 -58 195 -1076 -112 373 
-70 -301 319 230 -570 944 
22 -124 265 -233 21 333 
51 37 335 -416 55 -47 
-32 -51 257 -3 -18 74 
2 -72 296 -307 15 115 
-3 -67 273 114 56 -30 
19 -78 273 -2 -37 39 
-13 -51 276 31 -18 12 
1 -50 273 41 -27 8 
5 -55 275 109 -16 22 
-4 -51 273 40 -15 14 
3 -53 276 14 -11 11 
-1 -52 277 3 -16 12 
-1 -52 277 16 -13 6 
2 -52 273 8 -14 9 
0 -52 274 9 -8 12 
0 -53 277 16 -13 9 
2 -52 276 14 -12 10 
1 -53 275 11 -14 7 
3 -52 275 24 -22 9 
1 -52 275 9 -11 7 
0 -51 277 7 -7 10 
1 -52 272 17 -11 6 
3 -53 273 22 -16 3 
4 -51 276 14 -11 17 
1 -52 275 0 -14 2 
1 -52 277 -2 -12 1 
0 -52 274 12 -12 8 
0 -52 275 12 -11 13 
0 -51 276 19 -12 12 
4 -53 275 12 -16 11 
1 -51 276 1 -11 3 
-1 -50 273 14 -11 14 
0 -54 274 21 -22 5 
-8 -53 271 76 -63 33 
15 -12 275 23 -12 46 
5 -7 278 -204 -8 9 
-17 7 284 205 -39 63 
26 -32 260 -44 -44 32 
-8 0 278 1 -20 12 
6 -12 278 108 28 28 
-4 -11 265 -115 44 -39 
-9 -11 265 99 -103 66 
24 -8 290 -68 62 106 
5 -12 276 -34 40 7 
3 -3 281 74 -38 17 
8 -11 269 -101 20 12 
0 -4 279 101 -6 18 
8 -3 280 45 -21 6 
-5 -14 266 40 -5 19 
7 -7 279 79 -7 9 
7 -14 276 -101 -2 8 
-1 -9 276 90 -37 5 
7 -14 271 38 -9 13 
3 -6 280 -26 -3 6 
1 -11 274 40 -15 16 
8 -10 276 -5 5 12 
2 -5 280 19 -9 -2 
4 -8 276 33 -25 5 
5 -10 281 5 -25 38 
-24 -3 249 210 -520 -123 
4 -8 13 20 -1692 157 
144 -645 462 -2267 4985 -1425 
-375 -227 809 -1664 -2927 -1237 
-41 -67 44 184 -372 566 
-48 -130 57 1472 2931 1463 
-247 320 771 1720 -1130 -150 
55 -34 108 -283 354 -83 
-86 -1 230 -63 -88 -54 
-54 -10 280 -34 -5 15 
-31 -13 275 86 -6 8 
-39 -7 282 16 -18 14 
-30 -11 275 15 -10 13 
-25 -9 281 10 -15 7 
-10 0 276 -215 -175 2 
-59 -17 289 44 -178 -199 
-106 49 303 770 133 -313 
45 3 320 1098 239 259 
3 -13 362 147 -539 552 
-68 -77 328 2 -1180 1455 
-153 -155 281 313 -844 888 
-125 -151 248 698 -325 250 
-47 -179 249 490 -30 -194 
-1 -231 186 -22 -52 -356 
-3 -211 231 297 309 -654 
20 -151 229 -538 -486 -896 
4 -128 184 -223 -503 -1013 
53 -127 194 -811 -278 -819 
3 -102 223 -423 -140 -683 
-12 -76 224 -620 -402 -1021 
49 -98 249 242 -179 -1094 
62 -113 245 1093 126 -790 
124 -67 295 823 -80 -495 
160 -75 261 456 -414 -52 
113 -71 240 56 -158 556 
111 -69 251 397 -79 362 
93 -16 257 -126 -28 866 
35 5 270 -209 260 737 
-64 14 302 394 1014 834 
68 24 362 488 273 -64 
127 -4 336 -498 -91 482 
-46 20 231 -471 70 380 
7 6 254 -200 426 -215 
38 -5 281 -278 725 -74 
1 26 285 -41 403 -167 
110 -78 379 -411 -158 182 
6 65 324 -593 -627 33 
112 127 70 -1531 1060 -332 
-53 -7 280 -35 -77 -395 
-12 -47 256 19 -339 -15 
9 -91 263 -4 15 137 
-142 3 234 367 -99 158 
1 -33 278 -54 4 -31 
-15 -52 272 -54 0 -5 
-8 -58 268 -18 -4 -9 
1 -58 279 -12 -19 5 
-7 -57 274 2 -22 5 
-7 -58 273 30 -6 2 
0 -60 271 11 -4 7 
-5 -57 274 1 -16 10 
-5 -59 272 22 -3 9 
-1 -59 275 4 -15 7 
-7 -58 276 2 -20 1 
-5 -57 272 27 -6 11 
-3 -55 274 20 -10 11 
-2 -57 275 15 -7 9 
-4 -56 272 6 -19 9 
-4 -59 274 12 -12 5 
-6 -59 275 14 -11 7 
-5 -60 278 10 -11 12 
-7 -58 278 6 -20 8 
-5 -54 271 19 -4 -2 
-1 -57 276 1 -4 7 
-9 -57 277 12 -6 10 
-4 -57 270 30 -8 6 
0 -59 271 6 -16 8 
-8 -60 277 11 -2 11 
-6 -58 274 20 -20 6 
-1 -57 278 17 -6 10 
-4 -58 272 -13 -26 14 
-7 -56 272 19 -5 8 
-2 -55 274 7 -18 8 
-4 -58 271 13 -21 11 
-6 -58 275 17 -4 7 
-4 -60 277 22 -9 7 
-2 -58 275 9 -5 7 
-4 -56 272 12 -21 7 
-3 -58 274 13 -5 8 
-4 -58 276 11 -7 9 
-5 -57 270 9 -18 9 
-3 -59 272 9 -21 9 
-4 -59 276 3 -19 8 
-5 -59 276 17 -6 9 
-3 -58 274 9 -15 10 
-3 -57 271 18 -7 9 
-4 -58 273 -14 -22 106 
90 -10 322 133 -82 259 
10 9 263 -311 -160 6 
55 4 305 -839 48 79 
-36 16 269 -182 -19 -81 
-36 19 257 245 -33 -85 
9 17 291 491 52 -40 
22 -11 271 -62 -110 133 
2 -9 284 -382 -13 -84 
-26 -7 263 94 51 -6 
19 -8 275 125 -35 -35 
-13 -9 273 35 -12 -13 
0 -10 272 188 0 41 
12 -11 275 -60 -31 -3 
-1 -6 276 -29 4 11 
-3 -16 266 51 -9 18 
7 -13 274 83 -7 9 
3 -7 283 -80 2 7 
-2 -8 273 27 -37 16 
16 -10 278 19 -7 7 
9 -11 276 -119 11 21 
-3 -4 273 100 -46 14 
13 -8 281 66 -22 32 
13 16 283 86 -286 -79 
-5 3 22 -49 -1677 -39 
37 -1160 354 -2367 5094 -1161 
-238 -208 775 -1879 -3082 -942 
-32 -19 33 366 -151 537 
-45 -126 64 1130 1959 1305 
-12 23 315 222 -41 -22 
-12 -8 279 55 -1 -5 
-5 -6 287 -105 -27 12 
-23 -10 282 0 -61 -2 
-108 12 215 95 -265 146 
-22 28 339 838 196 -87 
34 58 341 750 208 709 
-39 6 426 -844 -2380 677 
-238 -177 304 258 -530 459 
-92 -271 231 833 56 -333 
-37 -237 252 -139 -567 -440 
-59 -266 153 -662 -373 -999 
33 -193 171 -5 297 -1382 
48 -181 228 -217 298 -801 
-3 -133 250 -85 -197 -811 
-14 -88 263 -531 -737 -761 
80 -78 204 949 -232 -840 
111 -56 208 394 79 -350 
16 -39 262 1253 401 -38 
111 -15 305 854 181 207 
94 60 308 248 279 893 
4 21 287 128 435 848 
-25 53 252 444 620 368 
28 37 281 -109 957 376 
18 61 312 126 764 288 
36 33 303 -317 280 46 
-71 127 540 216 -692 232 
27 93 261 -45 -360 -158 
115 -60 432 -658 66 543 
74 -24 274 -759 -481 463 
-63 -168 12 -688 1371 290 
-86 38 209 175 -551 -371 
-18 -24 272 17 -149 -57 
-3 -41 261 -286 -557 39 
-37 26 272 154 -7 -78 
108 56 304 -3 71 121 
10 -132 306 -266 -27 150 
-15 -7 259 153 -70 -76 
12 -22 269 47 2 -24 
12 -63 273 -12 -15 15 
8 -59 277 -4 -19 19 
2 -54 277 3 -13 6 
10 -53 277 9 -12 14 
5 -55 273 6 -12 10 
6 -53 273 19 -13 8 
10 -53 276 7 -10 10 
6 -51 273 4 -14 4 
5 -51 274 19 -9 9 
8 -52 275 16 -10 10 
6 -53 273 12 -7 15 
5 -54 276 12 -13 11 
7 -54 275 13 -12 8 
9 -53 275 0 -13 14 
15 -13 259 114 -18 120 
15 2 282 -74 -28 -118 
-11 -27 289 -571 -12 128 
-20 -16 275 -51 122 -57 
-17 11 283 474 56 64 
35 -11 282 221 4 -103 
19 -10 273 -256 -55 80 
-18 0 284 105 -62 -45 
7 -13 261 176 39 -89 
8 -14 279 -218 51 132 
-10 -1 281 42 17 26 
6 -6 282 -36 16 8 
3 -3 279 28 9 30 
6 -3 282 -22 -4 8 
-2 0 280 51 -8 25 
2 -9 273 144 -17 9 
18 -5 286 -42 -27 0 
4 -6 278 -135 2 8 
-12 -11 262 54 -33 0 
9 -8 276 120 -10 9 
5 -7 278 -134 4 0 
-5 -2 280 165 -18 0 
17 -6 283 -26 1 18 
-1 -6 275 -47 -10 9 
2 -8 274 133 -21 8 
13 -8 276 5 -40 26 
8 -24 230 161 -702 2 
1 21 39 -73 -1682 -49 
-1 14 28 -106 -1662 -54 
-176 51 1135 -2823 3339 401 
-123 -330 118 -836 -1851 -193 
-57 -46 39 277 44 437 
-197 285 743 1458 212 -12 
1 37 390 -717 -2 6 
-72 -16 241 344 -10 23 
-60 0 280 124 -22 1 
-41 -7 272 83 -11 3 
-43 -2 281 68 -22 -3 
-20 0 271 -79 -50 6 
-27 -5 267 -187 -189 21 
-35 -4 293 802 115 -75 
6 25 297 1583 351 -94 
-26 14 356 -170 44 1054 
-41 -67 374 193 -474 475 
-58 -113 330 206 -492 635 
-51 -132 286 28 -563 -16 
45 -183 238 119 -288 -405 
64 -177 243 -50 -429 -637 
83 -192 249 -416 -642 -364 
57 -138 222 -829 -642 -58 
8 -124 231 -4 -563 -757 
5 -109 214 -53 -989 -699 
10 -104 198 178 -512 -877 
61 -100 230 623 271 -965 
81 -67 260 162 -113 -411 
68 -51 295 35 -86 -60 
8 -62 252 651 -200 -3 
53 0 244 263 9 383 
31 5 285 -620 273 560 
53 25 350 657 934 329 
-18 -39 229 -594 248 487 
-5 -5 239 -315 713 87 
29 48 287 288 823 14 
61 30 280 62 666 314 
-48 260 400 -978 -444 652 
-130 -8 275 681 113 -7 
38 21 312 -407 -103 27 
117 -121 251 12 680 -18 
37 -2 280 30 -77 -12 
9 -20 263 10 -365 -6 
-5 5 290 -90 -467 -22 
-17 -112 271 100 -36 75 
20 -36 281 11 -7 -103 
10 -52 281 -32 47 93 
-4 -34 269 57 -13 -5 
10 -59 275 0 -18 10 
5 -51 274 9 -11 8 
11 -52 274 6 -16 8 
7 -53 273 5 -10 11 
5 -54 275 14 -9 12 
9 -55 273 13 -15 8 
3 -56 276 19 -6 18 
9 -56 276 5 -8 7 
10 -56 275 15 -12 15 
36 -45 288 -18 -49 147 
23 -7 279 -314 -31 -105 
-17 2 270 452 -27 -20 
29 -2 287 115 -75 93 
22 3 284 -246 7 24 
-17 -14 263 51 63 16 
7 18 280 75 64 -17 
6 -14 276 10 -88 75 
16 -6 289 -55 -28 -66 
-2 -12 264 -5 -71 -25 
14 -9 281 114 12 26 
-7 -3 279 -68 -47 -3 
-5 -9 277 192 -3 22 
17 -2 281 -129 10 7 
-5 -14 269 -89 -16 3 
3 -9 279 144 -23 8 
18 -9 284 -19 4 10 
1 -16 271 -16 -22 5 
-1 -4 278 101 -22 8 
8 -3 281 -32 -7 2 
5 -7 275 34 -17 13 
4 11 265 70 -204 -8 
-8 7 26 -17 -1701 -15 
12 -3 31 -789 -368 -60 
29 -1946 538 -3889 10052 590 
-128 -427 153 -899 -1502 -285 
-42 -65 46 -271 200 433 
-83 -184 68 1242 2897 1195 
66 63 430 1217 -336 -348 
-101 -27 208 -14 19 20 
12 -15 279 -219 3 38 
-61 -10 269 123 -23 9 
-34 1 271 -74 -49 0 
-11 -17 285 -434 -12 -88 
-21 -23 273 348 -23 0 
-154 -27 237 568 -33 354 
-15 -18 266 449 105 -210 
9 2 320 1452 564 -392 
-78 -1 347 -59 -88 510 
-91 -108 308 -193 37 403 
-91 -125 289 -26 -196 -224 
-3 -129 281 10 -189 -293 
11 -136 249 -633 -711 7 
-18 -129 219 -81 -614 -739 
27 -145 237 48 -300 -763 
-4 -124 257 -76 -445 -766 
-24 -96 254 -182 -829 -1025 
-32 -110 237 38 -591 -514 
-53 -108 246 74 -328 -864 
32 -93 249 506 -256 -816 
25 -62 255 713 -7 -646 
51 -66 275 580 9 -355 
81 -75 274 732 250 175 
60 -9 297 669 -286 186 
44 -73 253 652 -119 884 
31 -27 291 818 -268 484 
64 -94 268 882 -348 585 
27 -47 215 573 212 482 
52 -2 313 -341 565 357 
16 -32 311 269 1089 608 
-24 -18 357 -1260 -34 100 
-53 38 286 -521 177 -324 
-31 -63 184 358 1453 -122 
-139 70 152 894 181 483 
-3 36 291 -203 25 31 
-62 28 131 818 338 -8 
99 251 533 116 -573 23 
35 -40 235 401 -320 108 
48 -101 285 -192 -457 121 
23 -91 312 3 -291 30 
3 -62 254 32 -27 77 
18 -76 286 -186 -9 44 
22 -47 277 -169 29 -22 
-38 -6 258 36 -22 -47 
21 -68 283 -13 -6 43 
4 -51 273 9 -15 11 
8 -53 274 19 -9 17 
9 -52 276 9 -6 9 
7 -54 277 9 -11 12 
10 -52 274 6 -19 15 
7 -47 272 57 -55 -7 
4 -3 267 -72 27 104 
20 -18 288 -472 167 -23 
17 -30 283 206 -38 100 
7 -12 269 -147 -25 -46 
-9 -12 268 45 81 29 
14 -9 291 34 -68 114 
25 3 286 -87 59 27 
-4 -15 270 -108 -53 -50 
1 -8 270 48 45 40 
21 -13 274 15 1 10 
15 -10 271 -79 -41 3 
-1 -2 278 21 -9 14 
14 -4 287 -14 5 22 
5 -10 269 -87 -24 -5 
0 -2 286 78 -28 6 
10 -4 286 82 -16 10 
13 -5 286 -33 -13 14 
2 -13 272 -32 -2 -9 
1 -9 280 80 0 14 
11 -10 275 48 -28 -1 
0 -4 273 -31 -21 -4 
4 -9 277 88 5 21 
2 7 264 42 -220 22 
6 15 87 -88 -1547 -14 
5 13 31 -61 -1674 -27 
58 -1897 529 -3858 10164 649 
-110 -456 163 -1134 -1267 -376 
-25 -23 45 -14 375 -178 
-47 -176 78 1060 3543 712 
-53 15 543 610 -421 -371 
-56 -51 329 -190 41 23 
-49 -7 285 -15 -14 9 
-31 -16 280 -57 -2 17 
-30 -9 283 31 -7 18 
-53 -6 277 78 -14 11 
-39 -3 276 -4 -15 12 
-44 -6 276 37 -11 15 
21 59 231 -191 -64 -172 
-58 -5 272 136 -30 29 
-59 4 268 81 -1 7 
-44 16 276 235 90 -135 
-79 -29 315 1398 572 -317 
63 -48 318 -793 -521 1456 
-130 -73 314 130 -1635 616 
-86 -143 303 295 -694 630 
-88 -153 316 695 -795 19 
-22 -186 245 413 -619 302 
-26 -170 196 -220 -565 628 
-15 -178 199 309 -565 -668 
-60 -150 243 -159 -448 -926 
27 -139 215 5 -439 -853 
-4 -114 223 -360 -407 -748 
-9 -122 195 -17 28 -1059 
2 -95 227 462 358 -1245 
88 -59 264 77 453 -439 
48 -32 298 -56 -246 -155 
73 -48 270 107 -627 -7 
79 -100 242 602 57 285 
109 -87 253 334 134 518 
34 -55 262 -110 173 1372 
-5 -21 267 -416 88 942 
13 -23 269 846 1053 -275 
45 15 352 0 903 111 
58 74 390 -292 31 -18 
28 -17 258 -413 245 180 
-33 16 289 -411 170 -84 
5 -33 253 -665 545 2 
224 9 977 -510 85 330 
-17 0 279 -44 -7 -177 
-24 -37 271 -526 19 -278 
36 22 331 -674 130 329 
106 -79 294 -244 -135 39 
-1 -46 247 -298 113 40 
-43 -55 230 288 497 35 
70 -235 449 118 -432 118 
47 -49 289 -20 27 45 
18 -47 286 -17 -47 70 
-13 -119 271 188 -10 28 
70 -159 225 9 -40 98 
71 -227 308 -198 -70 -6 
-16 -92 272 89 -13 99 
31 -67 284 32 -14 18 
10 -52 276 -11 -14 10 
1 -51 274 42 -11 9 
14 -52 275 21 -18 12 
9 -52 273 -5 -13 7 
5 -52 275 7 -18 12 
34 -13 281 -114 -159 49 
8 -24 290 -682 7 -17 
-28 7 262 -50 -34 -8 
-32 -18 263 673 -28 -16 
26 7 282 218 -41 -17 
16 -32 281 -339 -15 34 
-6 -49 260 257 67 31 
19 -31 284 136 -70 124 
14 -18 283 -127 -65 104 
-2 -10 268 106 24 -33 
17 0 283 -71 46 45 
-2 -5 282 83 -10 3 
18 -8 281 33 8 25 
-4 -4 278 -84 9 9 
7 -9 284 218 -42 11 
21 -4 285 -175 5 8 
-13 -6 267 58 -38 4 
8 -9 274 115 -9 14 
11 -6 278 -108 4 12 
0 -8 275 36 -13 -1 
11 -9 275 -28 1 -4 
0 -4 279 3 -8 6 
4 -8 280 32 -21 15 
2 -6 276 26 -15 28 
14 23 147 -267 -1228 -2 
2 4 26 -42 -1683 -10 
129 -1269 676 -3113 4451 234 
-114 -303 101 -524 -491 -240 
-25 -38 38 536 889 -194 
-61 -166 159 906 703 -227 
-6 10 141 213 327 -90 
-34 -78 334 -151 60 35 
-37 -52 275 39 13 41 
-48 -31 275 7 8 37 
-44 -14 275 36 -15 13 
-48 -8 281 23 -10 14 
-45 -2 279 21 -14 10 
-43 -4 279 16 -12 8 
-42 -4 277 15 -14 14 
-40 -4 278 7 -12 13 
-41 -4 277 20 -11 10 
-42 -3 280 8 -10 10 
-40 -5 278 11 -16 10 
-41 -3 278 3 -10 6 
-41 -3 280 11 -15 10 
-41 -5 278 7 -16 5 
-41 -6 279 8 -13 13 
-42 -3 279 13 -11 11 
-42 -5 280 13 -19 10 
-40 -6 279 6 -8 11 
-42 -5 279 11 -14 9 
