0.887607932091 -1.2568012476 1.23808240891
0.875007927418 -1.40440130234 1.27768242359
0.876807928085 -1.50160133839 1.31728243828
0.878607928753 -1.59880137444 1.35688245296
0.808407902718 -1.70680141449 1.34968245029
0.738207876682 -1.81480145454 1.34248244762
0.840807855129 -1.82200145721 1.35328245163
0.943407833576 -1.82920145988 1.36408245564
1.22600781918 -1.89040148258 1.23808240891
1.50860786438 -1.95160150528 1.11208236217
1.44200789928 -1.97320151329 1.10848236084
1.37540793419 -1.9948015213 1.1048823595
1.45640790462 -2.13160157204 1.1552823782
1.53740787506 -2.26840162277 1.20568239689
1.65080785751 -2.42320156097 1.23088240623
1.76420783997 -2.57800149918 1.25608241558
1.94960784912 -2.57440161705 1.25608241558
2.13500785828 -2.57080173492 1.25608241558
2.20880794525 -2.48800182343 1.11928236485
2.28260803223 -2.40520191193 0.982482373714
2.36360812187 -2.38720202446 0.939282357693
2.44460821152 -2.36920213699 0.896082341671
2.55440831184 -2.38360214233 1.03648233414
2.66420841217 -2.39800214767 1.17688238621
2.72000837326 -2.56000208855 1.33888232708
2.77580833435 -2.72200202942 1.50088226795
2.74160838127 -2.78680205345 1.5872823
2.70740842819 -2.85160207748 1.67368233204
2.81360840797 -2.76520204544 1.34608232975
2.91980838776 -2.6788020134 1.01848232746
2.856808424 -2.48800206184 0.719682335854
2.79380846024 -2.29720211029 0.420882344246
1.95680844784 -1.2712020874 0.132882341743
1.11980843544 -0.245202094316 -0.155117660761
0.520408451557 -0.940002083778 -1.61311769485
-0.0789915472269 -1.63480210304 -3.07111763954
-1.02759158611 -2.01280212402 -2.7075176239
-1.9761916399 -2.390802145 -2.34391760826
-1.80879163742 -2.3188021183 -2.52031755447
-1.64139163494 -2.2468020916 -2.69671750069
-1.72959160805 -2.36200213432 -3.4167175293
-1.81779158115 -2.47720217705 -4.13671731949
-1.09959161282 -2.36920213699 -3.96031737328
-0.381391614676 -2.26120209694 -3.78391742706
-0.534391641617 -2.14960217476 -4.06831741333
-0.687391638756 -2.03800225258 -4.3527173996
0.459208369255 -2.21080231667 -3.67951750755
1.60580837727 -2.38360238075 -3.00631761551
0.290008366108 -2.23960232735 -2.79751753807
-1.02579164505 -2.09560227394 -2.58871746063
-3.54039168358 -2.16760230064 -2.90191745758
-6.05499172211 -2.23960232735 -3.21511745453
-3.68799161911 -2.85880231857 -1.76431751251
-1.32099163532 -3.4780023098 -0.313517510891
-2.69439172745 -4.219602108 0.100482486188
-4.06779193878 -4.96120214462 0.514482498169
-3.75999188423 -5.64160203934 0.65848249197
-3.45219182968 -6.32200193405 0.802482485771
-4.01199197769 -7.07800197601 1.0724824667
-4.5717921257 -7.83400201797 1.34248244762
-4.80039215088 -9.04360198975 0.834882438183
-5.02899217606 -10.2532024384 0.327282428741
-4.89039230347 -11.5564022064 0.460482418537
-4.75179243088 -12.8596019745 0.593682408333
-6.40599250793 -14.8576021194 1.54048240185
-8.06019210815 -16.8556022644 2.48728251457
-9.90159225464 -17.5756015778 3.12808251381
-11.7429924011 -18.2956008911 3.76888251305
-10.6287927628 -16.956401825 3.63208246231
-9.51459312439 -15.6172018051 3.49528241158
-8.78559303284 -14.8468017578 4.27288246155
-8.05659294128 -14.0764017105 5.0504822731
-2.98599290848 -12.6616020203 4.02088212967
2.08460712433 -11.24680233 2.99128222466
6.05720710754 -9.66280269623 2.3072822094
10.0298070908 -8.07880306244 1.62328219414
10.953207016 -6.66040325165 2.48368215561
11.8766069412 -5.24200344086 3.34408211708
14.5568065643 -5.3284034729 2.40808200836
17.2370071411 -5.41480350494 1.47208201885
23.7116069794 -3.6220035553 -1.65271794796
30.1862068176 -1.82920360565 -4.77751779556
32.1212081909 -0.616003632545 -4.05751800537
34.0562095642 0.597196340561 -3.33751797676
35.7248077393 0.8167963624 -4.74151802063
37.3934059143 1.03639638424 -6.14551782608
38.5472068787 1.10479640961 -7.09231805801
39.701007843 1.17319643497 -8.03911781311
39.9692077637 1.56199645996 -8.62591743469
40.2374076843 1.95079648495 -9.21271705627
40.5092086792 1.85719645023 -7.9311170578
40.7810096741 1.76359641552 -6.64951705933
39.6956100464 1.42879641056 -6.15631723404
38.6102104187 1.0939964056 -5.66311740875
39.6452102661 1.18399643898 -5.70631742477
40.6802101135 1.27399647236 -5.7495174408
40.6676101685 1.09759652615 -5.81791734695
40.6550102234 0.921196520329 -5.88631725311
41.1716117859 1.11919653416 -6.41191720963
41.6882133484 1.31719648838 -6.93751716614
41.2256126404 1.37479650974 -7.04551696777
40.7630119324 1.43239653111 -7.15351676941
41.0672111511 1.63399648666 -7.30471658707
41.3714103699 1.83559644222 -7.45591640472
41.3192100525 1.99039649963 -7.99231624603
41.2670097351 2.14519643784 -8.52871608734
41.2724113464 2.37559652328 -8.82751655579
41.2778129578 2.60599660873 -9.12631702423
40.6856117249 2.40439653397 -9.29191684723
40.0934104919 2.2027964592 -9.45751667023
39.1556091309 1.94359648228 -9.60151672363
38.2178077698 1.68439650536 -9.74551677704
37.8992080688 1.82119655609 -10.5123167038
37.5806083679 1.95799660683 -11.2791166306
36.1244087219 1.61239659786 -12.0351161957
34.6682090759 1.2667965889 -12.7911157608
34.5008087158 0.985996603966 -11.2431154251
34.3334083557 0.705196619034 -9.69511508942
33.5936088562 0.165196612477 -9.31711483002
32.8538093567 -0.374803394079 -8.93911457062
32.430809021 -0.108403392136 -9.70591449738
32.0078086853 0.157996609807 -10.4727144241
31.1024093628 -0.288403391838 -11.7723140717
30.1970100403 -0.734803378582 -13.0719137192
29.2340106964 -0.983203351498 -12.9099140167
28.2710113525 -1.23160338402 -12.7479143143
27.4196109772 -2.12080335617 -12.1359138489
26.5682106018 -3.01000332832 -11.5239133835
25.3424110413 -4.46440315247 -11.059513092
24.1166114807 -5.91880321503 -10.5951128006
23.8556118011 -6.70720338821 -11.6427125931
23.5946121216 -7.4956035614 -12.6903123856
22.8188114166 -8.92480373383 -12.0567121506
22.0430107117 -10.3540039063 -11.4231119156
22.0988101959 -12.6868038177 -11.5419120789
22.1546096802 -15.0196037292 -11.6607122421
21.1268100739 -18.4792041779 -10.6311120987
20.0990104675 -21.9388046265 -9.60151195526
17.0696105957 -23.6164054871 -9.93991184235
14.0402107239 -25.2940063477 -10.2783117294
11.7776107788 -25.5352058411 -9.10831165314
9.51501083374 -25.7764053345 -7.93831157684
10.6508111954 -24.2968044281 -7.31191158295
11.786611557 -22.8172035217 -6.68551158905
14.7008113861 -21.085603714 -7.05631160736
17.6150112152 -19.3540039063 -7.42711162567
23.225610733 -16.9528045654 -9.25231170654
28.8362102509 -14.5516042709 -11.0775117874
34.7384109497 -12.3952045441 -12.2367115021
40.6406097412 -10.2388048172 -13.3959112167
45.4376106262 -9.0904045105 -13.5291109085
50.2346115112 -7.94200468063 -13.6623106003
53.6960105896 -6.72880458832 -14.2419109344
57.157409668 -5.515604496 -14.8215112686
59.1896095276 -4.50040435791 -14.5803108215
61.2218093872 -3.48520445824 -14.3391103745
61.7348098755 -3.78040456772 -14.3211107254
62.2478103638 -4.07560443878 -14.3031110764
63.1208114624 -3.88120436668 -13.4607114792
63.993812561 -3.68680429459 -12.618311882
63.9164123535 -3.93880438805 -11.8695116043
63.839012146 -4.19080448151 -11.1207113266
64.3808135986 -4.23400449753 -11.6859111786
64.9226150513 -4.27720451355 -12.2511110306
64.935218811 -4.18360471725 -12.3087110519
64.9478225708 -4.09000492096 -12.3663110733
65.0756225586 -4.04680490494 -12.0243110657
65.2034225464 -4.00360488892 -11.682311058
64.7444229126 -4.1044049263 -11.6571111679
64.2854232788 -4.20520496368 -11.6319112778
64.1036224365 -4.38880491257 -11.4735116959
63.9218215942 -4.57240486145 -11.315112114
64.0388183594 -4.31680488586 -11.4051122665
64.1558151245 -4.06120491028 -11.4951124191
64.0712127686 -4.03600502014 -11.6139125824
63.9866142273 -4.01080513 -11.7327127457
63.9884147644 -3.81640505791 -11.9199123383
63.9902153015 -3.62200498581 -12.1071119308
63.592414856 -3.61480498314 -12.0603122711
63.1946144104 -3.60760498047 -12.0135126114
63.1640129089 -3.5176050663 -12.1467123032
63.1334114075 -3.42760515213 -12.2799119949
63.034412384 -3.44200515747 -12.4995117188
62.9354133606 -3.45640516281 -12.7191114426
62.3576126099 -3.41320514679 -13.1655111313
61.7798118591 -3.37000513077 -13.61191082
60.3848114014 -3.70120501518 -14.1879110336
58.9898109436 -4.0324048996 -14.7639112473
57.4184112549 -4.59760475159 -13.0539112091
55.8470115662 -5.16280460358 -11.343911171
58.6460113525 -3.21160459518 -14.3715114594
61.4450111389 -1.26040458679 -17.3991107941
60.0896110535 -1.426004529 -17.1903114319
58.734210968 -1.59160447121 -16.9815120697
57.1160125732 -1.67440450191 -17.0391120911
55.4978141785 -1.75720453262 -17.0967121124
53.8832130432 -2.32600450516 -17.4963111877
52.268611908 -2.89480447769 -17.8959102631
51.5828132629 -3.93160438538 -18.363910675
50.8970146179 -4.96840429306 -18.831911087
50.7368164063 -6.71080446243 -19.1019115448
50.5766181946 -8.45320415497 -19.3719120026
50.3768196106 -11.8768043518 -19.7319126129
50.1770210266 -15.3004045486 -20.0919132233
49.3004226685 -19.9120044708 -21.8775138855
48.4238243103 -24.5236053467 -23.6631145477
46.1360244751 -24.9628047943 -24.1635150909
43.8482246399 -25.4020042419 -24.6639156342
44.8940238953 -24.289604187 -24.6747150421
45.9398231506 -23.1772041321 -24.6855144501
48.7568244934 -21.3304042816 -26.0823135376
51.5738258362 -19.4836044312 -27.4791126251
49.7216262817 -19.6744041443 -25.9239120483
47.8694267273 -19.8652038574 -24.3687114716
47.2736282349 -19.624004364 -23.5047111511
46.6778297424 -19.3828048706 -22.6407108307
44.1848297119 -18.5296039581 -20.9811115265
41.6918296814 -17.6764030457 -19.3215122223
41.0060310364 -16.9708023071 -18.9795131683
40.3202323914 -16.2652015686 -18.6375141144
39.8468322754 -15.9556016922 -17.9499149323
39.3734321594 -15.6460018158 -17.2623157501
39.9584312439 -14.461602211 -16.1319160461
40.5434303284 -13.2772026062 -15.0015163422
40.6280288696 -12.8668022156 -14.9871168137
40.7126274109 -12.456401825 -14.9727172852
42.0248260498 -12.2476015091 -15.4911174774
43.3370246887 -12.0388011932 -16.0095176697
43.8788261414 -12.4384012222 -16.4343185425
44.420627594 -12.8380012512 -16.8591194153
45.5060272217 -12.8704013824 -15.4839191437
46.5914268494 -12.9028015137 -14.1087188721
46.4276275635 -12.9712018967 -14.1267185211
46.2638282776 -13.0396022797 -14.1447181702
46.636428833 -13.2052021027 -14.6019182205
47.0090293884 -13.3708019257 -15.0591182709
47.4428291321 -13.2124023438 -15.2211179733
47.8766288757 -13.0540027618 -15.3831176758
47.7128295898 -13.0108032227 -15.5955181122
47.549030304 -12.9676036835 -15.8079185486
47.018032074 -13.2808036804 -15.404718399
46.487033844 -13.5940036774 -15.0015182495
46.6832351685 -13.5508041382 -14.9295186996
46.8794364929 -13.507604599 -14.8575191498
46.5392379761 -13.2160043716 -14.7099189758
46.1990394592 -12.9244041443 -14.5623188019
46.4312400818 -12.7948045731 -14.6595191956
46.6634407043 -12.6652050018 -14.7567195892
46.7696418762 -12.8056049347 -14.8215198517
46.8758430481 -12.9460048676 -14.8863201141
46.8920440674 -13.0720052719 -14.6487197876
46.9082450867 -13.1980056763 -14.4111194611
46.3124465942 -13.4428052902 -14.0367193222
45.7166481018 -13.6876049042 -13.6623191833
45.2648468018 -13.6732053757 -13.6443195343
44.8130455017 -13.6588058472 -13.6263198853
44.0552444458 -13.4356060028 -14.0403194427
43.2974433899 -13.2124061584 -14.4543190002
43.2056427002 -12.884806633 -14.4075193405
43.1138420105 -12.5572071075 -14.3607196808
42.6116409302 -12.6148071289 -13.4319200516
42.1094398499 -12.6724071503 -12.5031204224
40.5740394592 -13.5328073502 -11.4159202576
39.0386390686 -14.39320755 -10.3287200928
38.5004386902 -14.0836076736 -11.412320137
37.9622383118 -13.7740077972 -12.4959201813
36.5384368896 -15.0916080475 -12.7911205292
35.1146354675 -16.4092082977 -13.0863208771
34.6628341675 -17.0608081818 -13.4895210266
34.2110328674 -17.7124080658 -13.8927211761
34.7924346924 -20.5024089813 -14.2527208328
35.3738365173 -23.2924098969 -14.6127204895
34.8212356567 -27.4684104919 -14.8395204544
34.2686347961 -31.644411087 -15.0663204193
34.1804351807 -36.2632102966 -17.5755195618
34.0922355652 -40.8820114136 -20.0847187042
32.8988342285 -41.9008102417 -20.3115196228
31.7054347992 -42.9196090698 -20.5383205414
31.7216339111 -41.6020088196 -21.6579208374
31.7378330231 -40.2844085693 -22.7775211334
33.6764335632 -39.1108093262 -24.6531219482
35.615032196 -37.937210083 -26.5287227631
38.5760307312 -36.3712081909 -28.5663223267
41.5370292664 -34.8052062988 -30.6039218903
46.1144294739 -33.2824058533 -32.3643226624
50.6918296814 -31.7596054077 -34.1247215271
55.0532302856 -31.2484054565 -36.338722229
59.4146308899 -30.7372055054 -38.5527229309
63.3908309937 -29.23960495 -39.3015213013
67.3670272827 -27.7420043945 -40.0503196716
70.9220275879 -25.3588047028 -39.1935195923
74.4770278931 -22.975605011 -38.3367195129
78.1436309814 -19.5016040802 -38.3043212891
81.8102340698 -16.0276031494 -38.2719230652
83.7812347412 -14.5408029556 -39.7119216919
85.7522354126 -13.0540027618 -41.1519203186
87.6332321167 -11.7364025116 -42.7503204346
89.5142288208 -10.4188022614 -44.3487205505
89.7068252563 -9.18760204315 -44.237121582
89.8994216919 -7.95640182495 -44.1255226135
90.0848236084 -6.47680187225 -43.6683235168
90.2702255249 -4.99720191956 -43.2111244202
90.5168228149 -3.71200180054 -43.0455245972
90.763420105 -2.42680168152 -42.8799247742
91.5788192749 -1.72480165958 -43.5495262146
92.3942184448 -1.02280163765 -44.219127655
90.6500167847 -1.24960160255 -42.7935295105
88.9058151245 -1.47640156746 -41.367931366
88.6196136475 -2.14240145683 -40.7991294861
88.3334121704 -2.80840134621 -40.2303276062
87.8384094238 -3.19360136986 -39.4167289734
87.3434066772 -3.57880139351 -38.6031303406
86.5352096558 -4.00720119476 -38.7795295715
85.7270126343 -4.43560123444 -38.9559288025
85.4012145996 -4.38520145416 -38.9631271362
85.0754165649 -4.33480167389 -38.97032547
83.7812194824 -4.30960178375 -38.4375267029
82.4870223999 -4.28440189362 -37.9047279358
82.2368240356 -4.33840179443 -38.0235290527
81.9866256714 -4.39240169525 -38.1423301697
81.5996246338 -4.11520147324 -37.674331665
81.2126235962 -3.83800148964 -37.2063331604
81.2864227295 -3.76960158348 -37.7463340759
81.3602218628 -3.70120167732 -38.2863349915
81.1208190918 -3.29080176353 -38.9379348755
80.8814163208 -2.88040184975 -39.5895347595
80.4332199097 -2.94520187378 -40.2231330872
79.9850234985 -3.01000189781 -40.8567314148
79.198425293 -3.10720181465 -41.259929657
78.4118270874 -3.20440173149 -41.6631278992
77.3300247192 -3.79480171204 -41.7063293457
76.2482223511 -4.385201931 -41.7495307922
76.1204223633 -5.50840187073 -40.7235298157
75.9926223755 -6.63160181046 -39.6975288391
73.7336196899 -5.72440195084 -37.7067298889
71.4746170044 -4.81720209122 -35.7159309387
70.8608169556 -5.3788022995 -35.9031295776
70.2470169067 -5.94040250778 -36.0903282166
68.3480148315 -6.75760269165 -35.9067268372
66.4490127563 -7.57480287552 -35.7231254578
64.9028091431 -8.28400325775 -35.6835250854
63.3566093445 -8.99320316315 -35.6439247131
61.691608429 -11.5132036209 -34.945526123
60.0266075134 -14.0332040787 -34.247127533
60.7052078247 -18.7528038025 -34.9347267151
61.383808136 -23.47240448 -35.6223258972
60.9716072083 -29.1424045563 -38.0631256104
60.5594062805 -34.8124046326 -40.5039253235
58.6028060913 -35.3668060303 -42.9411239624
56.6462059021 -35.921207428 -45.3783226013
54.9668045044 -35.0032081604 -45.162322998
53.2874031067 -34.0852088928 -44.9463233948
53.0984039307 -32.4868087769 -44.2011222839
52.9094047546 -30.8884086609 -43.4559211731
57.5408058167 -28.4944095612 -43.254322052
62.1722068787 -26.1004104614 -43.0527229309
65.7092056274 -25.4128112793 -41.7495231628
69.2462081909 -24.7252120972 -40.4463233948
69.2804107666 -25.013212204 -39.3519248962
69.3146133423 -25.3012123108 -38.2575263977
70.2992095947 -25.5568122864 -40.4895248413
71.2838058472 -25.812412262 -42.7215232849
72.8732070923 -24.4660129547 -43.8843231201
74.4626083374 -23.1196136475 -45.0471229553
77.3120117188 -21.0784130096 -45.7203216553
80.1614151001 -19.0372123718 -46.3935203552
81.2216186523 -17.9356117249 -46.3719215393
82.2818222046 -16.8340110779 -46.3503227234
84.5264205933 -15.9196109772 -46.2495231628
86.7710189819 -15.0052108765 -46.1487236023
86.4848175049 -14.3500108719 -45.2055244446
86.1986160278 -13.6948108673 -44.2623252869
86.8952178955 -13.5328111649 -44.3451271057
87.5918197632 -13.3708114624 -44.4279289246
88.0796203613 -13.1872110367 -44.4243278503
88.5674209595 -13.003610611 -44.4207267761
88.2164230347 -13.0792102814 -45.155128479
87.8654251099 -13.1548099518 -45.8895301819
87.6836242676 -13.1908102036 -45.3927307129
87.5018234253 -13.2268104553 -44.8959312439
87.9680252075 -13.3204107285 -45.2091331482
88.4342269897 -13.4140110016 -45.5223350525
88.5044250488 -13.2844114304 -45.3423347473
88.5746231079 -13.1548118591 -45.1623344421
88.4108200073 -13.2376117706 -45.0219345093
88.2470169067 -13.3204116821 -44.8815345764
87.8816146851 -13.1584119797 -44.1939353943
87.5162124634 -12.9964122772 -43.5063362122
87.3668136597 -13.0252122879 -42.984336853
87.217414856 -13.0540122986 -42.4623374939
86.8052139282 -12.8992118835 -43.0203361511
86.3930130005 -12.7444114685 -43.5783348083
85.6172103882 -12.8200111389 -43.8483352661
84.8414077759 -12.8956108093 -44.1183357239
82.9352111816 -13.244811058 -44.8131370544
81.0290145874 -13.5940113068 -45.507938385
81.8588180542 -13.2484111786 -44.6331367493
82.688621521 -12.9028110504 -43.7583351135
76.9988250732 -14.1484107971 -44.1867332458
71.3090286255 -15.3940105438 -44.6151313782
69.3380279541 -15.7864103317 -44.1111297607
67.3670272827 -16.1788101196 -43.6071281433
67.1528244019 -15.6064100266 -44.7591285706
66.938621521 -15.0340099335 -45.9111289978
65.550819397 -15.7756099701 -46.6275291443
64.1630172729 -16.5172100067 -47.3439292908
62.6780166626 -18.5872097015 -46.861530304
61.1930160522 -20.6572093964 -46.3791313171
59.8880157471 -24.3544101715 -44.5863304138
58.5830154419 -28.0516109467 -42.7935295105
58.8620147705 -32.28881073 -43.7547302246
59.1410140991 -36.5260124207 -44.7159309387
58.3580131531 -41.5948143005 -46.7967300415
57.575012207 -46.6636161804 -48.8775291443
56.3492126465 -46.9804153442 -50.1267280579
55.1234130859 -47.2972145081 -51.3759269714
55.2836112976 -46.8364143372 -51.6027259827
55.4438095093 -46.3756141663 -51.8295249939
59.1464080811 -44.3092155457 -50.9943237305
62.8490066528 -42.242816925 -50.159122467
64.4636077881 -40.277217865 -49.0575218201
66.0782089233 -38.3116188049 -47.9559211731
66.8720092773 -37.1308174133 -46.5663223267
67.6658096313 -35.9500160217 -45.1767234802
66.9944076538 -35.5684165955 -45.3135223389
66.3230056763 -35.1868171692 -45.4503211975
67.1888046265 -34.3588180542 -46.1523208618
68.0546035767 -33.5308189392 -46.8543205261
70.0184020996 -32.5768203735 -47.491519928
71.9822006226 -31.6228199005 -48.1287193298
72.9451980591 -30.8092193604 -47.9595184326
73.9081954956 -29.9956188202 -47.7903175354
75.06199646 -29.2036190033 -47.8875160217
76.2157974243 -28.4116191864 -47.9847145081
77.351600647 -27.8032188416 -48.1395149231
78.4874038696 -27.1948184967 -48.2943153381
78.7196044922 -27.1876182556 -48.2079162598
78.9518051147 -27.1804180145 -48.1215171814
79.1264038086 -26.9644184113 -47.9235153198
79.3010025024 -26.748418808 -47.7255134583
79.6520004272 -26.7304191589 -47.8911132813
80.0029983521 -26.7124195099 -48.0567131042
80.087600708 -26.6404190063 -48.4851112366
80.172203064 -26.5684185028 -48.9135093689
80.1091995239 -26.464017868 -48.7551078796
80.0461959839 -26.3596172333 -48.5967063904
79.8427963257 -26.2516174316 -48.4239082336
79.6393966675 -26.14361763 -48.2511100769
79.5799942017 -26.0968170166 -48.1179084778
79.5205917358 -26.0500164032 -47.9847068787
79.9039916992 -25.9276161194 -47.8659057617
80.2873916626 -25.8052158356 -47.7471046448
80.0335922241 -25.6432151794 -47.5635032654
79.7797927856 -25.4812145233 -47.379901886
79.2703933716 -25.2688140869 -47.4411010742
78.7609939575 -25.0564136505 -47.5023002625
78.460395813 -24.7684135437 -47.7290992737
78.1597976685 -24.4804134369 -47.9558982849
77.8915939331 -24.3040142059 -48.1142997742
77.6233901978 -24.127614975 -48.2727012634
76.9591903687 -24.0232143402 -48.7119026184
76.2949905396 -23.9188137054 -49.1511039734
75.3751907349 -23.4868144989 -50.5911026001
74.4553909302 -23.0548152924 -52.0311012268
75.3823928833 -23.134016037 -51.6999015808
76.3093948364 -23.2132167816 -51.3687019348
73.6687927246 -22.5652160645 -48.5823020935
71.0281906128 -21.9172153473 -45.7959022522
70.46118927 -22.0360145569 -46.3215026855
69.8941879272 -22.1548137665 -46.8471031189
68.9563903809 -22.8568134308 -47.3259048462
68.0185928345 -23.5588130951 -47.8047065735
66.9835891724 -24.7252140045 -49.0503082275
65.9485855103 -25.8916149139 -50.2959098816
65.2375869751 -27.6700153351 -49.0071105957
64.5265884399 -29.4484157562 -47.7183113098
65.0863876343 -34.2868156433 -47.9307098389
65.6461868286 -39.1252174377 -48.1431083679
67.4767837524 -43.0960159302 -51.4695091248
69.3073806763 -47.0668144226 -54.7959098816
67.8871841431 -46.0804138184 -55.9515113831
66.4669876099 -45.0940132141 -57.1071128845
64.8055877686 -43.3804130554 -55.7535133362
63.1441879272 -41.6668128967 -54.3999137878
64.218788147 -40.7884140015 -54.3927154541
65.2933883667 -39.9100151062 -54.3855171204
65.5615921021 -40.3528137207 -55.2459182739
65.8297958374 -40.7956123352 -56.1063194275
64.5571975708 -41.3644142151 -55.0875205994
63.2845993042 -41.933216095 -54.0687217712
62.915599823 -40.6120147705 -53.4459228516
62.5466003418 -39.290813446 -52.8231239319
66.0620040894 -37.645614624 -53.2659225464
69.5774078369 -36.000415802 -53.7087211609
74.626411438 -32.0656166077 -53.84192276
79.6754150391 -28.1308174133 -53.9751243591
82.780418396 -25.481218338 -54.7851257324
85.8854217529 -22.8316192627 -55.5951271057
88.2992248535 -21.0820198059 -55.9119262695
90.7130279541 -19.3324203491 -56.2287254333
89.8832244873 -18.6952209473 -53.5035247803
89.0534210205 -18.0580215454 -50.7783241272
89.7968215942 -18.1228218079 -50.7963256836
90.540222168 -18.1876220703 -50.81432724
89.8724212646 -18.1084213257 -51.0483283997
89.2046203613 -18.0292205811 -51.2823295593
88.8284225464 -17.8204212189 -52.5963287354
88.4522247314 -17.6116218567 -53.9103279114
87.2336273193 -17.7268218994 -53.0103263855
86.0150299072 -17.8420219421 -52.1103248596
84.7460327148 -18.130022049 -52.5567245483
83.4770355225 -18.4180221558 -53.0031242371
83.338432312 -18.5692214966 -52.7799224854
83.1998291016 -18.7204208374 -52.5567207336
83.2916259766 -18.7924213409 -52.5495223999
83.3834228516 -18.8644218445 -52.5423240662
82.6400222778 -18.9076213837 -52.4883232117
81.8966217041 -18.9508209229 -52.4343223572
82.4996185303 -19.1524200439 -52.4703216553
83.1026153564 -19.354019165 -52.5063209534
83.2160186768 -19.5088195801 -52.5927200317
83.3294219971 -19.6636199951 -52.6791191101
82.8056182861 -19.9120197296 -52.6503181458
82.2818145752 -20.1604194641 -52.6215171814
81.484413147 -20.2108192444 -52.5783157349
80.6870117188 -20.2612190247 -52.5351142883
80.606010437 -20.1136188507 -52.7979125977
80.5250091553 -19.9660186768 -53.060710907
80.2856063843 -19.8940181732 -53.2047119141
80.0462036133 -19.8220176697 -53.3487129211
78.9680023193 -19.8472175598 -54.3963127136
77.8898010254 -19.87241745 -55.4439125061
78.2192001343 -20.3080177307 -55.9191131592
78.5485992432 -20.7436180115 -56.3943138123
79.0039978027 -21.4384174347 -55.8183135986
79.4593963623 -22.1332168579 -55.242313385
78.0391998291 -22.0648174286 -55.9119148254
76.6190032959 -21.9964179993 -56.5815162659
74.3132019043 -21.7660179138 -56.4123153687
72.0074005127 -21.5356178284 -56.2431144714
71.310798645 -21.0676174164 -55.955116272
70.6141967773 -20.5996170044 -55.6671180725
69.7951965332 -20.5708179474 -56.3403167725
68.9761962891 -20.5420188904 -57.0135154724
67.941192627 -23.1196193695 -56.4735145569
66.9061889648 -25.6972198486 -55.9335136414
66.6523895264 -28.1380195618 -55.8435134888
66.3985900879 -30.5788192749 -55.7535133362
67.1023864746 -35.1904182434 -55.6491127014
67.8061828613 -39.8020172119 -55.5447120667
69.2947845459 -44.1472167969 -59.1411132813
70.7833862305 -48.4924163818 -62.7375144958
69.643989563 -47.027217865 -63.4827156067
68.5045928955 -45.5620193481 -64.2279129028
68.8195953369 -44.8816184998 -63.41431427
69.1345977783 -44.2012176514 -62.6007156372
71.5591964722 -43.6324157715 -64.7247161865
73.983795166 -43.0636138916 -66.8487167358
78.2191925049 -41.2924156189 -69.3147201538
82.4545898438 -39.5212173462 -71.7807235718
86.9095916748 -38.3404159546 -71.0679244995
91.3645935059 -37.159614563 -70.3551254272
94.0951919556 -35.0968132019 -69.8079223633
96.8257904053 -33.0340118408 -69.2607192993
97.7491912842 -31.3888111115 -66.8523178101
98.6725921631 -29.7436103821 -64.4439163208
97.569190979 -29.3620109558 -63.3423156738
96.4657897949 -28.9804115295 -62.2407150269
96.2191925049 -28.8544120789 -61.9887161255
95.9725952148 -28.7284126282 -61.7367172241
95.8267974854 -28.850812912 -61.4991188049
95.6809997559 -28.9732131958 -61.2615203857
95.8303985596 -28.5664138794 -60.9015197754
95.9797973633 -28.159614563 -60.541519165
96.7123947144 -27.7492141724 -60.3831176758
97.4449920654 -27.3388137817 -60.2247161865
96.8059921265 -27.0472145081 -59.9259147644
96.1669921875 -26.7556152344 -59.6271133423
96.175994873 -26.7556152344 -59.7027130127
96.1849975586 -26.7556152344 -59.7783126831
96.0355987549 -26.7268161774 -59.9295120239
95.8861999512 -26.6980171204 -60.0807113647
95.8916015625 -26.5288162231 -59.9979095459
95.8970031738 -26.3596153259 -59.9151077271
95.7800064087 -26.3596153259 -59.9331092834
95.6630096436 -26.3596153259 -59.9511108398
95.9492111206 -26.4064159393 -59.9511108398
96.2354125977 -26.4532165527 -59.9511108398
95.8952102661 -26.5648174286 -59.6271095276
95.5550079346 -26.6764183044 -59.3031082153
95.8592071533 -26.7232189178 -59.3535079956
96.1634063721 -26.7700195313 -59.4039077759
96.492805481 -26.9464187622 -59.4507064819
96.8222045898 -27.1228179932 -59.497505188
96.5864028931 -27.4144172668 -58.89270401
96.3506011963 -27.7060165405 -58.287902832
95.7547988892 -27.760017395 -58.0179023743
95.158996582 -27.8140182495 -57.7479019165
95.3371963501 -27.7996177673 -58.1043014526
95.5153961182 -27.7852172852 -58.4607009888
95.5099945068 -27.6088180542 -58.6011009216
95.5045928955 -27.4324188232 -58.7415008545
95.6251907349 -27.1804180145 -59.1015014648
95.7457885742 -26.9284172058 -59.4615020752
95.873588562 -26.6332168579 -60.0843009949
96.0013885498 -26.33801651 -60.7070999146
95.9167861938 -26.183216095 -61.4486999512
95.8321838379 -26.0284156799 -62.1902999878
93.6199874878 -27.2740154266 -61.8231010437
91.4077911377 -28.5196151733 -61.4559020996
90.1639938354 -28.0300159454 -61.7259025574
88.9201965332 -27.5404167175 -61.9959030151
88.2811965942 -27.4288158417 -61.8879013062
87.6421966553 -27.3172149658 -61.7798995972
87.6079940796 -27.6448154449 -61.9779014587
87.5737915039 -27.9724159241 -62.1759033203
87.0391921997 -28.616815567 -63.0795021057
86.5045928955 -29.26121521 -63.9831008911
86.3371963501 -31.0396156311 -64.1631011963
86.1697998047 -32.8180160522 -64.3431015015
86.5999984741 -36.7348175049 -65.1387023926
87.0301971436 -40.6516189575 -65.9343032837
86.90599823 -43.3912200928 -67.2807006836
86.7817993164 -46.130821228 -68.6270980835
84.0764007568 -44.7808227539 -67.8602981567
81.3710021973 -43.4308242798 -67.09349823
81.5131988525 -42.9196243286 -66.7191009521
81.6553955078 -42.4084243774 -66.3447036743
83.18359375 -41.7496261597 -67.6335067749
84.7117919922 -41.0908279419 -68.9223098755
85.987991333 -40.7884292603 -69.9915084839
87.2641906738 -40.4860305786 -71.0607070923
90.4375915527 -38.6572303772 -71.078704834
93.6109924316 -36.8284301758 -71.0967025757
97.8103942871 -35.467628479 -72.0939025879
102.009796143 -34.1068267822 -73.0911026001
104.700798035 -32.5084266663 -73.0263061523
107.391799927 -30.9100265503 -72.9615097046
108.192802429 -31.0288257599 -72.5475082397
108.993804932 -31.1476249695 -72.1335067749
109.01360321 -30.7012252808 -71.5035095215
109.033401489 -30.254825592 -70.8735122681
109.701202393 -29.6752262115 -70.8447113037
110.369003296 -29.0956268311 -70.8159103394
111.076400757 -28.7140274048 -71.1291122437
111.783798218 -28.3324279785 -71.4423141479
113.031196594 -27.8680286407 -71.4387130737
114.278594971 -27.403629303 -71.4351119995
113.509994507 -27.2020301819 -70.5927124023
112.741394043 -27.0004310608 -69.7503128052
113.200393677 -26.6188316345 -69.4191131592
113.659393311 -26.2372322083 -69.0879135132
113.873596191 -26.1472320557 -69.1383132935
114.087799072 -26.0572319031 -69.1887130737
114.521598816 -25.9996318817 -69.3039093018
114.95539856 -25.9420318604 -69.4191055298
115.162399292 -25.7800312042 -69.6567077637
115.369400024 -25.6180305481 -69.8943099976
115.540397644 -25.7908306122 -70.0131072998
115.711395264 -25.9636306763 -70.1319046021
115.824798584 -26.1148300171 -70.4451065063
115.938201904 -26.2660293579 -70.7583084106
115.788803101 -26.1904296875 -70.7943115234
115.639404297 -26.1148300171 -70.8303146362
115.886001587 -26.1220302582 -70.9707183838
116.132598877 -26.1292304993 -71.1111221313
116.605995178 -25.8340301514 -71.0751190186
117.079391479 -25.5388298035 -71.0391159058
116.731994629 -25.2544288635 -70.9095153809
116.384597778 -24.9700279236 -70.779914856
116.461997986 -24.7828273773 -71.1183166504
116.539398193 -24.5956268311 -71.4567184448
116.012001038 -24.4264259338 -71.7267150879
115.484603882 -24.2572250366 -71.996711731
114.384803772 -24.0808258057 -72.111907959
113.285003662 -23.9044265747 -72.227104187
113.456001282 -23.7388267517 -72.8751068115
113.626998901 -23.5732269287 -73.523109436
110.755996704 -24.3040275574 -71.9427108765
107.884994507 -25.034828186 -70.3623123169
107.411598206 -24.9880275726 -70.124710083
106.938201904 -24.9412269592 -69.8871078491
106.374801636 -25.1716270447 -70.9671096802
105.811401367 -25.4020271301 -72.0471115112
104.837600708 -26.4712276459 -73.4259109497
103.863800049 -27.5404281616 -74.8047103882
103.412002563 -28.9552288055 -74.225112915
102.960205078 -30.3700294495 -73.6455154419
102.875602722 -33.8044281006 -73.4367141724
102.791000366 -37.2388267517 -73.2279129028
104.088798523 -43.1464271545 -74.8839111328
105.38659668 -49.0540275574 -76.5399093628
104.758399963 -51.0556259155 -77.1051101685
104.130203247 -53.0572242737 -77.6703109741
99.8300018311 -52.754825592 -74.5419082642
95.529800415 -52.4524269104 -71.4135055542
94.0232009888 -50.7136268616 -70.6827087402
92.5166015625 -48.9748268127 -69.9519119263
91.6832046509 -47.8552284241 -69.7035140991
90.8498077393 -46.7356300354 -69.455116272
93.2636108398 -45.7312316895 -69.0231170654
95.6774139404 -44.7268333435 -68.5911178589
99.8372116089 -43.2796325684 -68.7387161255
103.997009277 -41.8324317932 -68.8863143921
106.71321106 -40.892829895 -68.3463134766
109.429412842 -39.9532279968 -67.806312561
109.910011292 -39.8380279541 -66.0711135864
110.390609741 -39.7228279114 -64.3359146118
110.889205933 -38.722026825 -63.6267127991
111.387802124 -37.7212257385 -62.9175109863
112.451599121 -36.5368270874 -65.0271072388
113.515396118 -35.3524284363 -67.1367034912
113.067199707 -34.3264274597 -66.9279022217
112.619003296 -33.3004264832 -66.7191009521
112.901603699 -32.7676277161 -66.5463027954
113.184204102 -32.234828949 -66.3735046387
113.261604309 -31.590429306 -66.2367019653
113.339004517 -30.9460296631 -66.099899292
113.711601257 -30.5536289215 -66.2510986328
114.084197998 -30.1612281799 -66.4022979736
113.992401123 -29.837228775 -66.722694397
113.900604248 -29.5132293701 -67.0430908203
114.183204651 -29.4916286469 -67.6982879639
114.465805054 -29.4700279236 -68.3534851074
114.093208313 -29.6536273956 -68.4866867065
113.720611572 -29.8372268677 -68.6198883057
113.877212524 -29.8084278107 -68.7818908691
114.033813477 -29.7796287537 -68.9438934326
113.470413208 -29.9344291687 -68.8826904297
112.907012939 -30.0892295837 -68.8214874268
113.193214417 -30.1576290131 -68.756690979
113.479415894 -30.2260284424 -68.6918945313
113.628814697 -30.2836284637 -68.3426971436
113.778213501 -30.3412284851 -67.9934997559
113.517211914 -30.4780292511 -67.9070968628
113.256210327 -30.6148300171 -67.8206939697
113.078010559 -30.7588291168 -67.5146942139
112.899810791 -30.9028282166 -67.208694458
113.002410889 -30.7876281738 -66.9890975952
113.105010986 -30.6724281311 -66.7695007324
112.905212402 -30.4420280457 -66.6399002075
112.705413818 -30.2116279602 -66.5102996826
112.664016724 -30.150428772 -66.5570983887
112.622619629 -30.0892295837 -66.6038970947
112.404823303 -29.8840293884 -66.9782943726
112.187026978 -29.6788291931 -67.3526916504
110.734428406 -29.8408298492 -67.4066925049
109.281829834 -30.0028305054 -67.4606933594
107.390029907 -30.4636306763 -67.1474914551
105.49822998 -30.9244308472 -66.8342895508
103.862030029 -32.674030304 -65.1566925049
102.225830078 -34.4236297607 -63.4790916443
100.956832886 -35.1760292053 -64.2926940918
99.6878356934 -35.9284286499 -65.1062927246
99.3692321777 -36.3424301147 -65.7326965332
99.0506286621 -36.7564315796 -66.3591003418
98.6744308472 -37.7644309998 -66.7406997681
98.2982330322 -38.7724304199 -67.1222991943
96.791633606 -40.8388290405 -67.6046981812
95.2850341797 -42.9052276611 -68.087097168
94.4192352295 -46.2676277161 -66.8414993286
93.5534362793 -49.630027771 -65.5959014893
94.9664382935 -54.8356285095 -68.1698989868
96.3794403076 -60.041229248 -70.7438964844
94.6820373535 -62.078830719 -70.7582931519
92.9846343994 -64.1164321899 -70.7726898193
89.1920318604 -63.2560310364 -66.9386901855
85.3994293213 -62.3956298828 -63.1046905518
87.17603302 -60.5272293091 -64.0766906738
88.9526367188 -58.6588287354 -65.0486907959
90.7868347168 -56.2648277283 -66.0962905884
92.6210327148 -53.8708267212 -67.1438903809
95.5460357666 -52.6324272156 -66.3338928223
98.4710388184 -51.39402771 -65.5238952637
99.5708389282 -50.1556282043 -64.5446929932
100.670639038 -48.9172286987 -63.5654945374
102.220436096 -47.9164276123 -63.039894104
103.770233154 -46.9156265259 -62.5142936707
105.291236877 -46.0084266663 -63.1586952209
106.812240601 -45.1012268066 -63.8030967712
109.287239075 -43.8484268188 -64.4762954712
111.762237549 -42.5956268311 -65.1494979858
113.3984375 -40.5508270264 -65.6175003052
115.034637451 -38.5060272217 -66.0855026245
115.655639648 -37.0912284851 -65.6930999756
116.276641846 -35.6764297485 -65.3006973267
116.573638916 -34.981628418 -65.0630950928
116.870635986 -34.2868270874 -64.8254928589
116.584434509 -34.2940254211 -64.8362960815
116.298233032 -34.3012237549 -64.8470993042
116.112831116 -34.218421936 -64.9047012329
115.927429199 -34.1356201172 -64.9623031616
115.634025574 -35.0824203491 -64.1775054932
115.340621948 -36.0292205811 -63.39270401
114.849220276 -35.9284210205 -62.9391021729
114.357818604 -35.82762146 -62.4855003357
114.050018311 -35.8492202759 -61.6431007385
113.742218018 -35.8708190918 -60.8007011414
113.204017639 -36.0724182129 -60.120300293
112.665817261 -36.274017334 -59.4398994446
113.081619263 -36.2704162598 -59.3210983276
113.497421265 -36.2668151855 -59.2022972107
112.905220032 -36.1300163269 -59.3858985901
112.313018799 -35.9932174683 -59.5694999695
112.178016663 -36.0904159546 -59.3787002563
112.043014526 -36.1876144409 -59.1879005432
111.987213135 -36.1012153625 -59.2094993591
111.931411743 -36.0148162842 -59.231098175
111.202415466 -36.0220146179 -59.2958984375
110.473419189 -36.0292129517 -59.3606987
110.039619446 -35.9860115051 -59.6306991577
109.605819702 -35.9428100586 -59.9006996155
109.197219849 -35.8672103882 -60.2355003357
108.788619995 -35.7916107178 -60.5703010559
106.601623535 -36.2488098145 -60.6999015808
104.414627075 -36.7060089111 -60.8295021057
104.142829895 -36.7312088013 -59.9943008423
103.871032715 -36.7564086914 -59.1590995789
102.130432129 -37.5484085083 -58.1186981201
100.389831543 -38.3404083252 -57.0782966614
99.4232330322 -38.336807251 -56.5598983765
98.4566345215 -38.3332061768 -56.0415000916
97.4396362305 -39.1504058838 -56.0738983154
96.4226379395 -39.9676055908 -56.1062965393
95.438041687 -39.8524055481 -56.1494979858
94.4534454346 -39.7372055054 -56.1926994324
92.7776489258 -41.0548057556 -55.8038978577
91.101852417 -42.3724060059 -55.415096283
90.9920501709 -45.9364051819 -58.0538978577
90.8822479248 -49.5004043579 -60.6926994324
91.8704452515 -53.2336044312 -62.8311004639
92.8586425781 -56.9668045044 -64.9694976807
92.2988433838 -61.106803894 -66.5786972046
91.7390441895 -65.2468032837 -68.1878967285
89.2604446411 -65.383605957 -67.4282989502
86.7818450928 -65.5204086304 -66.6687011719
87.0248413086 -64.890411377 -66.7479019165
87.2678375244 -64.2604141235 -66.8271026611
88.6520385742 -63.6016159058 -67.0755004883
90.036239624 -62.942817688 -67.3238983154
94.7288360596 -60.4048194885 -68.0259017944
99.4214324951 -57.8668212891 -68.7279052734
102.983634949 -55.7824211121 -69.044708252
106.545837402 -53.6980209351 -69.3615112305
109.859634399 -52.0276222229 -69.2859115601
113.173431396 -50.3572235107 -69.2103118896
113.708030701 -50.2960243225 -69.0915145874
114.242630005 -50.2348251343 -68.9727172852
114.795227051 -50.2168235779 -68.7747192383
115.347824097 -50.1988220215 -68.5767211914
117.632026672 -49.4176216125 -68.3859176636
119.916229248 -48.6364212036 -68.1951141357
121.739631653 -47.6392211914 -68.5731124878
123.563034058 -46.6420211792 -68.9511108398
124.608833313 -45.9364204407 -69.3975143433
125.654632568 -45.2308197021 -69.8439178467
126.826431274 -44.611618042 -70.3191146851
127.99822998 -43.9924163818 -70.7943115234
128.864028931 -43.3192176819 -70.9095077515
129.729827881 -42.6460189819 -71.0247039795
130.512832642 -42.2788200378 -71.4891052246
131.295837402 -41.9116210938 -71.9535064697
131.8412323 -41.807220459 -72.0111083984
132.386627197 -41.7028198242 -72.0687103271
132.12562561 -41.8684196472 -71.6691131592
131.864624023 -42.0340194702 -71.2695159912
131.996017456 -42.0520210266 -71.3631134033
132.127410889 -42.070022583 -71.4567108154
131.708007813 -42.1924209595 -71.2119140625
131.288604736 -42.3148193359 -70.9671173096
131.708007813 -42.1600189209 -71.2047195435
132.127410889 -42.0052185059 -71.4423217773
131.762008667 -41.9260177612 -71.121925354
131.396606445 -41.8468170166 -70.8015289307
131.416412354 -41.6812171936 -70.4847259521
131.436218262 -41.5156173706 -70.1679229736
131.880813599 -41.378818512 -69.8223266602
132.325408936 -41.2420196533 -69.4767303467
131.888015747 -41.3032188416 -69.1527328491
131.450622559 -41.3644180298 -68.8287353516
130.880020142 -41.368019104 -68.2095336914
130.309417725 -41.3716201782 -67.5903320313
129.472412109 -41.4328193665 -67.3347320557
128.635406494 -41.4940185547 -67.0791320801
128.30241394 -41.3752174377 -67.6407318115
127.969413757 -41.2564163208 -68.202331543
126.448410034 -41.2924156189 -68.5731277466
124.927406311 -41.328414917 -68.9439239502
123.91040802 -43.092414856 -67.5579223633
122.893409729 -44.8564147949 -66.1719207764
115.626808167 -46.1236152649 -61.974319458
108.360206604 -47.3908157349 -57.7767181396
106.475608826 -47.2180175781 -58.7271194458
104.591011047 -47.0452194214 -59.677520752
103.257209778 -47.2576179504 -60.4083213806
101.923408508 -47.4700164795 -61.1391220093
100.395210266 -47.3800163269 -61.088722229
98.8670120239 -47.2900161743 -61.0383224487
97.3568115234 -48.6364173889 -60.1743240356
95.8466110229 -49.9828186035 -59.3103256226
95.3084106445 -52.3300170898 -58.6551246643
94.7702102661 -54.6772155762 -57.9999237061
94.3040084839 -57.8092155457 -57.9819221497
93.8378067017 -60.9412155151 -57.9639205933
93.3608093262 -64.0372161865 -59.4507217407
92.8838119507 -67.1332168579 -60.9375228882
89.6420135498 -66.5536193848 -59.987121582
86.4002151489 -65.9740219116 -59.0367202759
85.1564178467 -65.6248245239 -57.3987197876
83.9126205444 -65.2756271362 -55.7607192993
84.1880187988 -65.0272293091 -55.21352005
84.4634170532 -64.7788314819 -54.6663208008
89.6744155884 -62.2048301697 -56.1387214661
94.8854141235 -59.6308288574 -57.6111221313
99.2252120972 -58.3744277954 -58.6047210693
103.565010071 -57.1180267334 -59.5983200073
105.824012756 -56.5132255554 -60.2391204834
108.083015442 -55.9084243774 -60.8799209595
110.414016724 -54.7852249146 -61.7223205566
112.745018005 -53.6620254517 -62.5647201538
114.734016418 -52.2364273071 -63.4647216797
116.723014832 -50.8108291626 -64.3647232056
119.054016113 -49.6156272888 -64.0839233398
121.385017395 -48.420425415 -63.8031234741
123.111213684 -47.7724266052 -63.7851219177
124.837409973 -47.1244277954 -63.7671203613
124.824806213 -46.4332275391 -63.23072052
124.812202454 -45.7420272827 -62.6943206787
124.94720459 -45.2128257751 -61.9527206421
125.082206726 -44.6836242676 -61.2111206055
125.25680542 -44.4604225159 -61.0023193359
125.431404114 -44.2372207642 -60.7935180664
125.836402893 -43.9600219727 -60.5811195374
126.241401672 -43.6828231812 -60.3687210083
126.005599976 -43.7584228516 -60.3111228943
125.769798279 -43.834022522 -60.2535247803
126.117195129 -43.726020813 -60.6639251709
126.46459198 -43.618019104 -61.0743255615
126.415992737 -43.4200172424 -61.3839263916
126.367393494 -43.2220153809 -61.6935272217
126.923591614 -43.3372154236 -61.625125885
127.479789734 -43.4524154663 -61.5567245483
127.164787292 -43.6324157715 -61.2291259766
126.849784851 -43.8124160767 -60.9015274048
126.27558136 -44.2156143188 -60.3795280457
125.701377869 -44.618812561 -59.8575286865
125.854377747 -44.5756111145 -59.7495269775
126.007377625 -44.532409668 -59.6415252686
126.160377502 -44.1652107239 -59.5479240417
126.31337738 -43.7980117798 -59.4543228149
125.832778931 -43.4452133179 -59.5947227478
125.352180481 -43.092414856 -59.7351226807
125.267578125 -42.7468147278 -60.1419219971
125.182975769 -42.4012145996 -60.5487213135
124.77797699 -42.2392158508 -60.9087219238
124.37297821 -42.0772171021 -61.2687225342
122.83757782 -41.8216171265 -62.3991241455
121.302177429 -41.5660171509 -63.5295257568
120.835975647 -42.1564178467 -64.4583282471
120.369773865 -42.7468185425 -65.3871307373
118.589576721 -43.121219635 -64.2027282715
116.809379578 -43.4956207275 -63.0183296204
117.019981384 -42.7000198364 -63.9507293701
117.230583191 -41.9044189453 -64.8831329346
117.415985107 -42.2680206299 -65.8659362793
117.601387024 -42.6316223145 -66.848739624
116.310783386 -43.7044219971 -67.6947402954
115.020179749 -44.7772216797 -68.5407409668
113.643180847 -45.9940223694 -67.9287414551
112.266181946 -47.2108230591 -67.3167419434
112.653182983 -49.9756240845 -66.9927444458
113.040184021 -52.7404251099 -66.6687469482
114.784385681 -57.1864242554 -68.5479507446
116.528587341 -61.6324234009 -70.427154541
113.765586853 -62.2876243591 -67.9503555298
111.002586365 -62.9428253174 -65.4735565186
106.626785278 -61.6216239929 -62.791557312
102.250984192 -60.3004226685 -60.1095581055
100.117980957 -59.6776237488 -58.1187591553
97.9849777222 -59.0548248291 -56.1279602051
96.3559799194 -57.9784240723 -54.3927612305
94.7269821167 -56.9020233154 -52.6575622559
95.0347824097 -54.3064231873 -50.3463630676
95.3425827026 -51.7108230591 -48.0351638794
95.4451828003 -51.1024246216 -46.6131629944
95.5477828979 -50.4940261841 -45.1911621094
97.7239837646 -49.309627533 -44.0787620544
99.9001846313 -48.1252288818 -42.9663619995
101.680381775 -47.214427948 -42.6243629456
103.460578918 -46.3036270142 -42.2823638916
104.923980713 -45.1084251404 -42.5955657959
106.387382507 -43.9132232666 -42.9087677002
108.491584778 -42.4840240479 -42.8259658813
110.595787048 -41.0548248291 -42.7431640625
111.50478363 -40.2088241577 -43.009563446
112.413780212 -39.3628234863 -43.2759628296
114.111183167 -37.9732246399 -44.3415641785
115.808586121 -36.5836257935 -45.4071655273
116.533988953 -35.9536247253 -45.8355636597
117.259391785 -35.3236236572 -46.263961792
117.073989868 -34.8016242981 -46.1307601929
116.888587952 -34.279624939 -45.9975585938
117.462791443 -34.0276260376 -46.0119590759
118.036994934 -33.7756271362 -46.0263595581
117.865997314 -33.5524253845 -46.058757782
117.694999695 -33.3292236328 -46.0911560059
117.984802246 -33.2932243347 -46.127155304
118.274604797 -33.2572250366 -46.1631546021
118.14680481 -33.4660263062 -45.8679542542
118.019004822 -33.6748275757 -45.5727539063
117.405204773 -33.4732284546 -45.8319549561
116.791404724 -33.2716293335 -46.0911560059
117.570808411 -32.9908294678 -46.1883544922
118.350212097 -32.7100296021 -46.2855529785
118.848808289 -32.3644294739 -47.4375534058
119.34740448 -32.0188293457 -48.589553833
119.87840271 -31.7992286682 -47.9991531372
120.40940094 -31.5796279907 -47.4087524414
120.285202026 -31.7488288879 -45.9435539246
120.161003113 -31.9180297852 -44.4783554077
119.504005432 -31.9936294556 -43.5783538818
118.847007751 -32.069229126 -42.678352356
119.774009705 -32.2204284668 -41.7099533081
120.701011658 -32.3716278076 -40.7415542603
122.51361084 -32.5192260742 -40.4319534302
124.326210022 -32.6668243408 -40.1223526001
125.339607239 -32.4256248474 -40.0251541138
126.353004456 -32.184425354 -39.9279556274
127.632804871 -31.9684257507 -40.1151542664
128.912597656 -31.7524261475 -40.3023529053
130.775604248 -31.4788265228 -41.9475517273
132.63861084 -31.2052268982 -43.5927505493
134.681610107 -31.2880268097 -43.3623504639
136.724609375 -31.3708267212 -43.1319503784
138.569610596 -30.8560276031 -43.2867507935
140.414611816 -30.3412284851 -43.4415512085
140.038406372 -29.5492286682 -43.387550354
139.662200928 -28.7572288513 -43.3335494995
138.166397095 -28.8976287842 -43.4631500244
136.670593262 -29.038028717 -43.5927505493
136.888397217 -29.2288284302 -45.1659507751
137.106201172 -29.4196281433 -46.739151001
137.097198486 -29.3944282532 -46.6563491821
137.088195801 -29.369228363 -46.5735473633
136.312393188 -29.380027771 -46.2567481995
135.536590576 -29.390827179 -45.9399490356
133.205596924 -30.226026535 -45.8859481812
130.874603271 -31.0612258911 -45.8319473267
126.840805054 -33.5632247925 -45.5943489075
122.807006836 -36.0652236938 -45.3567504883
122.398406982 -40.6768226624 -43.7655487061
121.989807129 -45.2884216309 -42.1743469238
122.384010315 -48.0712203979 -42.4911460876
122.778213501 -50.854019165 -42.8079452515
125.138015747 -51.9268188477 -42.5235443115
127.497817993 -52.9996185303 -42.2391433716
126.660820007 -51.5452194214 -43.1607437134
125.823822021 -50.0908203125 -44.0823440552
121.995223999 -51.127620697 -52.6683425903
118.166625977 -52.1644210815 -61.2543411255
113.290428162 -55.7104225159 -61.7583427429
108.414230347 -59.2564239502 -62.2623443604
104.333633423 -60.4408226013 -65.8731460571
100.253036499 -61.6252212524 -69.4839477539
97.5260391235 -61.6216201782 -72.0399475098
94.799041748 -61.618019104 -74.5959472656
93.3680419922 -61.441619873 -72.3387451172
91.9370422363 -61.2652206421 -70.0815429688
88.0004425049 -63.0544204712 -68.1915435791
84.0638427734 -64.8436203003 -66.3015441895
78.910446167 -66.2872238159 -64.1127471924
73.7570495605 -67.7308273315 -61.9239463806
68.362449646 -70.2508239746 -67.4967498779
62.9678497314 -72.7708206177 -73.0695495605
61.0940513611 -75.9892196655 -74.3259506226
59.2202529907 -79.2076187134 -75.5823516846
60.240852356 -81.097618103 -74.6103515625
61.2614517212 -82.9876174927 -73.6383514404
62.2280502319 -81.8932189941 -72.9435501099
63.1946487427 -80.7988204956 -72.2487487793
64.3916473389 -80.5396194458 -72.0399475098
65.5886459351 -80.280418396 -71.8311462402
66.5516433716 -79.9708175659 -72.1371459961
67.5146408081 -79.6612167358 -72.443145752
67.4624404907 -79.5460205078 -75.5643463135
67.4102401733 -79.4308242798 -78.685546875
67.404838562 -80.5252227783 -77.9187469482
67.3994369507 -81.6196212769 -77.1519470215
67.6100387573 -81.6304244995 -76.8639450073
67.820640564 -81.6412277222 -76.5759429932
70.0616378784 -79.1104278564 -77.5983428955
72.3026351929 -76.5796279907 -78.6207427979
71.9516372681 -76.414024353 -81.335144043
71.6006393433 -76.2484207153 -84.0495452881
71.9876403809 -74.6464233398 -85.7559432983
72.3746414185 -73.0444259644 -87.4623413086
73.2404403687 -71.428024292 -87.1419448853
74.1062393188 -69.8116226196 -86.8215484619
74.4680404663 -71.5612258911 -84.8919448853
74.8298416138 -73.3108291626 -82.9623413086
78.9356384277 -75.7840270996 -87.0303421021
83.0414352417 -78.2572250366 -91.0983428955
85.5488357544 -76.6408233643 -91.8039398193
88.0562362671 -75.0244216919 -92.5095367432
87.3704376221 -74.6824188232 -90.9255371094
86.6846389771 -74.3404159546 -89.3415374756
86.0312423706 -74.815612793 -90.6519393921
