0.851607918739 -1.16320121288 1.15168237686
0.803007900715 -1.21720123291 1.1048823595
0.75440788269 -1.27120125294 1.05808234215
0.705807864666 -1.32520127296 1.01128232479
0.657207846642 -1.37920129299 0.964482307434
0.608607828617 -1.43320131302 0.917682290077
0.560007810593 -1.48720133305 0.87088227272
0.511407792568 -1.54120135307 0.824082255363
0.462807804346 -1.5952013731 0.777282238007
0.414207816124 -1.64920139313 0.73048222065
0.365607827902 -1.70320141315 0.683682203293
0.31700783968 -1.75720143318 0.636882185936
0.268407851458 -1.81120145321 0.590082168579
0.219807848334 -1.86520147324 0.543282151222
0.171207845211 -1.91920149326 0.496482163668
0.122607842088 -1.97320151329 0.449682176113
0.0740078389645 -2.02720141411 0.402882188559
0.0254078395665 -2.08120131493 0.356082201004
-0.0231921598315 -2.13520121574 0.309282213449
-0.0717921629548 -2.18920111656 0.262482225895
-0.120392166078 -2.24320101738 0.215682223439
-0.168992161751 -2.2972009182 0.168882220984
-0.217592164874 -2.35120081902 0.122082218528
-0.266192167997 -2.40520071983 0.0752822160721
-0.314792156219 -2.45920062065 0.028482215479
-0.363392144442 -2.51320052147 -0.018317785114
-0.411992132664 -2.56720042229 -0.0651177838445
-0.460592120886 -2.6212003231 -0.1119177863
-0.509192109108 -2.67520022392 -0.158717781305
-0.557792127132 -2.72920012474 -0.205517783761
-0.606392145157 -2.78320002556 -0.252317786217
-0.654992163181 -2.83719992638 -0.299117773771
-0.703592181206 -2.89119982719 -0.345917761326
-0.75219219923 -2.94519972801 -0.39271774888
-0.800792217255 -2.99919962883 -0.439517736435
-0.849392235279 -3.05319952965 -0.486317723989
-0.897992253304 -3.10719943047 -0.533117711544
-0.946592271328 -3.16119933128 -0.579917728901
-0.995192289352 -3.2151992321 -0.626717746258
-1.04379224777 -3.26919913292 -0.673517763615
-1.09239220619 -3.32319903374 -0.720317780972
-1.14099216461 -3.37719893456 -0.767117798328
-1.18959212303 -3.43119883537 -0.813917815685
-1.23819208145 -3.48519873619 -0.860717833042
-1.28679203987 -3.53919863701 -0.907517850399
-1.33539199829 -3.59319853783 -0.954317867756
-1.38399195671 -3.64719843864 -1.00111782551
-1.43259191513 -3.70119833946 -1.04791784286
-1.48119187355 -3.75519824028 -1.09471786022
-1.52979183197 -3.8091981411 -1.14151787758
-1.57839179039 -3.86319804192 -1.18831789494
-1.62699174881 -3.91719794273 -1.23511791229
-1.67559170723 -3.97119784355 -1.28191792965
-1.72419166565 -4.02519798279 -1.32871794701
-1.77279162407 -4.07919788361 -1.37551796436
-1.82139158249 -4.13319778442 -1.42231798172
-1.86279153824 -4.17999792099 -1.46911799908
-1.90419149399 -4.22679805756 -1.51591801643
-1.94559144974 -4.27359819412 -1.56271803379
-1.98699140549 -4.32039833069 -1.60951805115
-1.83759140968 -4.14039850235 -1.77151799202
-1.68819141388 -3.96039843559 -1.93351793289
-1.59999144077 -3.8991985321 -2.04511785507
-1.51179146767 -3.83799862862 -2.15671777725
-1.27239143848 -3.49239873886 -2.60671782494
-1.0329914093 -3.14679884911 -3.05671787262
-0.22839140892 -2.39439892769 -3.88111782074
0.576208591461 -1.64199888706 -4.70551776886
0.668008565903 -1.60239887238 -4.85311794281
0.759808540344 -1.56279885769 -5.00071811676
0.790408551693 -1.53399884701 -5.12671804428
0.821008563042 -1.50519883633 -5.2527179718
1.84520852566 -0.345998823643 -7.00951814651
2.86940860748 0.813201189041 -8.76631832123
5.21120882034 3.0488011837 -10.3179187775
7.5530090332 5.28440141678 -11.8695192337
8.64920902252 6.41120147705 -13.622718811
9.74540901184 7.53800153732 -15.3759183884
11.1548089981 8.86280155182 -17.6943187714
12.5642089844 10.1876010895 -20.0127182007
14.1824092865 11.9300012589 -21.2259178162
15.8006095886 13.6724014282 -22.4391174316
17.3864097595 15.238401413 -25.0455169678
18.9722099304 16.8044013977 -27.6519165039
19.6544094086 17.3192005157 -28.6023159027
20.3366088867 17.8339996338 -29.5527153015
20.4284095764 17.9060001373 -29.7183151245
20.5202102661 17.9780006409 -29.8839149475
20.5364093781 17.9960002899 -30.0027141571
20.55260849 18.013999939 -30.1215133667
20.5508079529 18.0175991058 -30.2295131683
20.5490074158 18.0211982727 -30.33751297
20.7596073151 18.3091983795 -30.668712616
20.9702072144 18.5971984863 -30.999912262
21.0764064789 18.6655979156 -31.2339115143
21.1826057434 18.733997345 -31.4679107666
21.5048065186 19.1551971436 -31.8675098419
21.8270072937 19.5763969421 -32.2671089172
22.2644081116 19.9399967194 -32.6127090454
22.7018089294 20.3035964966 -32.9583091736
22.7864093781 20.3611965179 -33.1455078125
22.8710098267 20.4187965393 -33.3327064514
22.8908100128 20.4295959473 -33.4443054199
22.910610199 20.4403953552 -33.5559043884
22.9124107361 20.4439945221 -33.6495056152
22.9142112732 20.447593689 -33.743106842
22.9088115692 20.4439945221 -33.8331069946
22.9034118652 20.4403953552 -33.9231071472
22.9016113281 20.4295959473 -34.016708374
22.899810791 20.4187965393 -34.1103096008
22.8836116791 20.4043960571 -34.1967086792
22.8674125671 20.389995575 -34.2831077576
22.847612381 20.3647956848 -34.358707428
22.8278121948 20.3395957947 -34.4343070984
22.8044128418 20.3143959045 -34.5063056946
22.7810134888 20.2891960144 -34.5783042908
22.7576141357 20.2639961243 -34.6539039612
22.7342147827 20.2387962341 -34.7295036316
22.7072143555 20.2099971771 -34.8015022278
22.6802139282 20.1811981201 -34.873500824
22.6604137421 20.1523990631 -34.9491004944
22.6406135559 20.1236000061 -35.0247001648
22.6172142029 20.098400116 -35.096698761
22.5938148499 20.0732002258 -35.1686973572
22.5740146637 20.0480003357 -35.2406959534
22.5542144775 20.0228004456 -35.3126945496
22.5308151245 19.9904003143 -35.377494812
22.5074157715 19.9580001831 -35.4422950745
22.4804153442 19.922000885 -35.5142936707
22.453414917 19.8860015869 -35.5862922668
22.4264144897 19.8500022888 -35.6546936035
22.3994140625 19.8140029907 -35.7230949402
22.3760147095 19.7816028595 -35.7878952026
22.3526153564 19.7492027283 -35.8526954651
22.3256149292 19.716802597 -35.9174957275
22.298614502 19.6844024658 -35.98229599
22.3364143372 19.7132015228 -36.1766967773
22.3742141724 19.7420005798 -36.3710975647
22.4012145996 19.7636013031 -36.5618972778
22.4282150269 19.7852020264 -36.752696991
22.4048156738 19.7492027283 -36.8174972534
22.3814163208 19.7132034302 -36.8822975159
23.2472171783 20.7356033325 -38.066696167
24.1130180359 21.7580032349 -39.2510948181
25.2056179047 22.7156028748 -40.2590942383
26.2982177734 23.6732025146 -41.2670936584
26.559217453 23.9216022491 -41.630695343
26.8202171326 24.1700019836 -41.9942970276
26.9588165283 24.3068027496 -42.224697113
27.0974159241 24.4436035156 -42.4550971985
27.2036151886 24.5444030762 -42.6530990601
27.3098144531 24.6452026367 -42.8511009216
27.3944149017 24.713602066 -43.0275001526
27.4790153503 24.7820014954 -43.2038993835
27.5456161499 24.8324012756 -43.3623008728
27.6122169495 24.8828010559 -43.5207023621
27.7796173096 25.1744003296 -43.7619018555
27.9470176697 25.4659996033 -44.0031013489
29.2844181061 26.7187995911 -45.3891029358
30.6218185425 27.9715995789 -46.7751045227
31.041217804 28.3603992462 -47.2503051758
31.4606170654 28.7491989136 -47.7255058289
31.692817688 28.9579982758 -48.0387077332
31.9250183105 29.1667976379 -48.3519096375
32.0780181885 29.3035984039 -48.5967102051
32.2310180664 29.4403991699 -48.8415107727
32.344417572 29.5483989716 -49.057510376
32.4578170776 29.6563987732 -49.2735099792
32.5532188416 29.7535991669 -49.4787101746
32.6486206055 29.8507995605 -49.6839103699
32.7332191467 29.933599472 -49.874710083
32.817817688 30.0163993835 -50.0655097961
32.8952178955 30.081199646 -50.2383079529
32.972618103 30.1459999084 -50.4111061096
33.4244194031 30.7759990692 -51.2175064087
33.8762207031 31.40599823 -52.0239067078
35.3648223877 32.7703971863 -53.6115074158
36.8534240723 34.1347961426 -55.1991081238
37.2980232239 34.5523948669 -55.7535095215
37.7426223755 34.9699935913 -56.3079109192
38.0468215942 35.2579917908 -56.7003097534
38.351020813 35.5459899902 -57.0927085876
38.5580215454 35.7475891113 -57.4023094177
38.7650222778 35.9491882324 -57.7119102478
40.0916213989 37.4287872314 -59.0259094238
41.41822052 38.9083862305 -60.3399085999
42.54322052 39.8911857605 -61.3371086121
43.66822052 40.8739852905 -62.3343086243
44.0984191895 41.2771835327 -62.8419075012
44.5286178589 41.6803817749 -63.3495063782
44.87241745 42.0187835693 -63.7779045105
45.216217041 42.3571853638 -64.2063064575
45.5096168518 42.6451835632 -64.6023101807
45.8030166626 42.9331817627 -64.9983139038
46.0460166931 43.1743812561 -65.3475112915
46.2890167236 43.4155807495 -65.6967086792
47.1764183044 44.3875808716 -66.6075057983
48.0638198853 45.3595809937 -67.5183029175
48.8288192749 46.0327796936 -68.2599029541
49.5938186646 46.7059783936 -69.0015029907
49.9376182556 47.0191802979 -69.4155044556
50.2814178467 47.3323822021 -69.8295059204
50.5280189514 47.5627822876 -70.1679077148
50.7746200562 47.793182373 -70.5063095093
50.9780197144 47.9767837524 -70.8015060425
51.1814193726 48.1603851318 -71.0967025757
51.3560180664 48.3187866211 -71.3631057739
51.5306167603 48.4771881104 -71.6295089722
51.680015564 48.624786377 -71.8851089478
51.8294143677 48.7723846436 -72.1407089233
51.9644126892 48.9127845764 -72.3855056763
52.0994110107 49.0531845093 -72.6303024292
52.5620117188 49.5787849426 -73.3179016113
53.0246124268 50.104385376 -74.0055007935
53.6924133301 50.7019844055 -74.8154983521
54.3602142334 51.2995834351 -75.6254959106
54.639213562 51.5479850769 -76.0070953369
54.9182128906 51.7963867188 -76.3886947632
56.0180130005 53.0239868164 -77.5766983032
57.1178131104 54.2515869141 -78.7647018433
58.2716140747 55.3063850403 -80.0715026855
59.4254150391 56.3611831665 -81.3783035278
59.8844146729 56.7859840393 -81.8967056274
60.3434143066 57.2107849121 -82.4151077271
60.8204154968 57.7651863098 -82.9299087524
61.297416687 58.3195877075 -83.4447097778
62.433216095 59.4139862061 -84.6363067627
63.5690155029 60.5083847046 -85.8279037476
64.0820159912 61.0087852478 -86.4111022949
64.5950164795 61.509185791 -86.9943008423
64.9424133301 61.8367843628 -87.429901123
65.2898101807 62.1643829346 -87.8655014038
65.5724105835 62.4451828003 -88.2362976074
65.8550109863 62.725982666 -88.607093811
66.0944137573 62.9383811951 -88.9346923828
66.3338165283 63.1507797241 -89.2622909546
67.4984130859 64.450378418 -90.4322891235
68.6630096436 65.7499771118 -91.6022872925
69.4784088135 66.4879760742 -92.3438873291
70.2938079834 67.2259750366 -93.0854873657
70.6844100952 67.5895767212 -93.5534896851
71.075012207 67.9531784058 -94.0214920044
73.0100097656 70.0807800293 -97.0850906372
74.9450073242 72.2083816528 -100.14868927
77.060005188 74.1091842651 -101.711090088
79.1750030518 76.0099868774 -103.273490906
79.6556015015 76.4167861938 -103.755889893
80.1361999512 76.8235855103 -104.238288879
81.6643981934 78.4975891113 -106.679092407
83.1925964355 80.1715927124 -109.119895935
85.2607955933 82.0471954346 -110.599494934
87.328994751 83.9227981567 -112.079093933
87.7879943848 84.3223953247 -112.547096252
88.2469940186 84.7219924927 -113.015098572
88.4755935669 84.9307937622 -113.328300476
88.7041931152 85.1395950317 -113.64150238
88.8967895508 85.3195953369 -113.929504395
89.0893859863 85.4995956421 -114.217506409
89.2567825317 85.6615982056 -114.487503052
89.4241790771 85.823600769 -114.757499695
89.5771789551 85.9784011841 -115.020301819
89.730178833 86.1332015991 -115.283103943
89.8759765625 86.2771987915 -115.535102844
90.021774292 86.4211959839 -115.787101746
90.1639709473 86.5507965088 -116.028305054
90.3061676025 86.6803970337 -116.269508362
91.0927658081 87.6667938232 -117.032707214
91.8793640137 88.6531906128 -117.795906067
94.1023635864 90.8671875 -119.307907104
96.3253631592 93.0811843872 -120.819908142
97.7203598022 94.4743881226 -123.095108032
99.1153564453 95.8675918579 -125.370307922
101.302352905 98.0527954102 -126.871505737
103.489349365 100.237998962 -128.372711182
105.669151306 102.412399292 -129.873916626
107.848953247 104.586799622 -131.37512207
109.247550964 105.96559906 -133.639526367
110.646148682 107.344398499 -135.903930664
112.811546326 109.504402161 -137.383529663
114.97694397 111.664405823 -138.863128662
117.145942688 113.82800293 -140.34992981
119.314941406 115.991600037 -141.836730957
120.713539124 117.374000549 -144.104736328
122.112136841 118.756401062 -146.372741699
124.291938782 120.930801392 -147.870346069
126.471740723 123.105201721 -149.367950439
128.309539795 124.764801025 -150.559555054
130.147338867 126.42440033 -151.751159668
130.390335083 126.643997192 -152.10395813
130.633331299 126.863594055 -152.456756592
130.797134399 127.014793396 -152.712356567
130.9609375 127.165992737 -152.967956543
131.106735229 127.30279541 -153.201950073
131.252532959 127.439598083 -153.435943604
132.467529297 128.861602783 -154.469146729
133.682525635 130.283599854 -155.502349854
135.959518433 132.558807373 -157.061157227
138.23651123 134.834014893 -158.6199646
139.696304321 136.299209595 -160.99597168
141.156097412 137.764404297 -163.37197876
143.447494507 140.05039978 -164.948776245
145.738891602 142.336395264 -166.52557373
148.037490845 144.629592896 -168.109573364
150.336090088 146.922790527 -169.693572998
151.824691772 148.395187378 -172.091171265
153.313293457 149.867584229 -174.488769531
155.615493774 152.164382935 -176.069168091
157.917694092 154.461181641 -177.64956665
160.039886475 156.394378662 -179.013961792
162.162078857 158.327575684 -180.378356934
162.41947937 158.561569214 -180.749160767
162.676879883 158.795562744 -181.1199646
162.844284058 158.953964233 -181.379165649
163.011688232 159.112365723 -181.638366699
163.161087036 159.263565063 -181.879562378
163.31048584 159.414764404 -182.120758057
163.366287231 159.48677063 -182.243164063
163.422088623 159.558776855 -182.365570068
163.499481201 159.637969971 -182.505966187
163.576873779 159.717163086 -182.646362305
163.643478394 159.767562866 -182.761566162
163.710083008 159.817962646 -182.87677002
163.783889771 159.868362427 -182.995574951
163.857696533 159.918762207 -183.114379883
163.945892334 160.008758545 -183.283584595
164.034088135 160.098754883 -183.452789307
164.187088013 160.224761963 -183.719192505
164.340087891 160.350769043 -183.985595703
164.543487549 160.523574829 -184.305999756
164.746887207 160.696380615 -184.626403809
166.7862854 163.068786621 -186.27520752
168.825683594 165.441192627 -187.92401123
171.063079834 167.673187256 -191.498809814
173.300476074 169.905181885 -195.073608398
176.477478027 172.87878418 -197.222808838
179.65447998 175.852386475 -199.372009277
180.451873779 176.514785767 -200.027206421
181.249267578 177.177185059 -200.682403564
181.845062256 177.857589722 -201.629196167
182.440856934 178.537994385 -202.57598877
184.109451294 180.204788208 -203.78918457
185.778045654 181.871582031 -205.002380371
186.07144165 182.058776855 -205.452377319
186.364837646 182.24597168 -205.902374268
186.51423645 182.375564575 -206.136367798
186.663635254 182.505157471 -206.370361328
186.784240723 182.616760254 -206.586364746
186.904846191 182.728363037 -206.802368164
187.248641968 183.178359985 -207.435974121
187.592437744 183.628356934 -208.069580078
189.171035767 185.219558716 -209.689575195
190.749633789 186.810760498 -211.309570313
192.382232666 188.445159912 -213.001571655
194.014831543 190.079559326 -214.693572998
195.625823975 191.692352295 -216.432373047
197.236816406 193.305145264 -218.171173096
198.876617432 194.9503479 -219.88117981
200.516418457 196.595550537 -221.591186523
201.994216919 197.974349976 -223.157180786
203.472015381 199.353149414 -224.723175049
204.114608765 199.965148926 -225.432373047
204.757202148 200.577148438 -226.141571045
205.284606934 201.08114624 -226.753570557
205.812011719 201.585144043 -227.365570068
206.51940918 202.32673645 -228.333969116
207.226806641 203.068328857 -229.302368164
208.233001709 204.069122314 -230.187973022
209.239196777 205.069915771 -231.073577881
210.025802612 205.847518921 -232.182373047
210.812408447 206.62512207 -233.291168213
211.602615356 207.413528442 -234.410766602
212.392822266 208.201934814 -235.53036499
213.435028076 209.235137939 -236.423171997
214.477233887 210.268341064 -237.315979004
215.188232422 210.948745728 -238.284378052
215.899230957 211.629150391 -239.2527771
216.354629517 212.064743042 -239.821578979
216.810028076 212.500335693 -240.390380859
217.312225342 213.101531982 -240.959182739
217.814422607 213.702728271 -241.527984619
218.917816162 214.818725586 -242.759185791
220.021209717 215.9347229 -243.990386963
221.099411011 217.032730103 -245.214385986
222.177612305 218.130737305 -246.43838501
222.773406982 218.649139404 -247.197982788
223.36920166 219.167541504 -247.957580566
223.792205811 219.567138672 -248.465179443
224.215209961 219.96673584 -248.97277832
224.587814331 220.330337524 -249.447982788
224.960418701 220.693939209 -249.923187256
225.322219849 221.050338745 -250.36958313
225.684020996 221.406738281 -250.815979004
226.020614624 221.734344482 -251.258773804
226.357208252 222.061950684 -251.701568604
226.68661499 222.378753662 -252.133575439
227.016021729 222.695556641 -252.565582275
227.341827393 223.019561768 -252.975982666
227.667633057 223.343566895 -253.386383057
227.968231201 223.645965576 -253.800384521
228.268829346 223.948364258 -254.214385986
228.562225342 224.229171753 -254.606781006
228.855621338 224.509979248 -254.999176025
229.325424194 225.006774902 -255.531982422
229.795227051 225.503570557 -256.064788818
231.910232544 227.775177002 -258.527191162
234.025238037 230.046783447 -260.989593506
237.097839355 233.124786377 -264.139587402
240.170440674 236.202789307 -267.289581299
243.318634033 239.338394165 -270.522369385
246.466827393 242.473999023 -273.755157471
249.625823975 245.584396362 -277.002349854
252.784820557 248.694793701 -280.249542236
255.954620361 251.884399414 -283.478729248
259.124420166 255.074005127 -286.70791626
261.595825195 257.345611572 -289.346710205
264.067230225 259.617218018 -291.98550415
264.983428955 260.470428467 -292.910705566
265.899627686 261.323638916 -293.835906982
266.574615479 261.986053467 -294.599121094
267.249603271 262.648468018 -295.362335205
267.899414063 263.285675049 -296.093139648
268.549224854 263.92288208 -296.823944092
269.170227051 264.534881592 -297.551147461
269.791229248 265.146881104 -298.27835083
270.41583252 265.758880615 -298.983947754
271.040435791 266.370880127 -299.689544678
271.47064209 266.741668701 -300.229553223
271.900848389 267.112457275 -300.769561768
271.927856445 267.148468018 -300.985565186
271.954864502 267.18447876 -301.201568604
271.978271484 267.216888428 -301.421173096
272.001678467 267.249298096 -301.640777588
272.053863525 267.292510986 -301.899963379
272.106048584 267.335723877 -302.15914917
272.158233643 267.364532471 -302.436340332
272.210418701 267.393341064 -302.713531494
272.435424805 267.659729004 -303.084320068
272.660430908 267.926116943 -303.455108643
273.184234619 268.440917969 -304.056304932
273.70803833 268.955718994 -304.657501221
274.217437744 269.456115723 -305.273101807
274.726837158 269.956512451 -305.888702393
275.290222168 270.564910889 -306.659088135
275.853607178 271.173309326 -307.429473877
276.859802246 272.127319336 -308.556274414
277.865997314 273.081329346 -309.683074951
278.515808105 273.682525635 -310.374267578
279.165618896 274.283721924 -311.065460205
279.671417236 274.77331543 -311.670257568
280.177215576 275.262908936 -312.275054932
280.665008545 275.745300293 -312.843841553
281.152801514 276.22769165 -313.412628174
281.608215332 276.677703857 -313.974243164
282.06362915 277.127716064 -314.535858154
282.501037598 277.556121826 -315.079467773
282.938446045 277.984527588 -315.623077393
283.372253418 278.416534424 -316.137878418
283.806060791 278.84854126 -316.652679443
284.214660645 279.255340576 -317.171081543
284.623260498 279.662139893 -317.689483643
285.021057129 280.054534912 -318.19708252
285.41885376 280.446929932 -318.704681396
285.820251465 280.842926025 -319.187072754
286.22164917 281.238922119 -319.669464111
286.60144043 281.613311768 -320.159057617
286.981231689 281.987701416 -320.648651123
287.357421875 282.35848999 -321.134643555
287.733612061 282.729278564 -321.620635986
288.117004395 283.103668213 -322.088623047
288.500396729 283.478057861 -322.556610107
288.865783691 283.834472656 -323.028198242
289.231170654 284.190887451 -323.499786377
289.592956543 284.543701172 -323.967773438
289.954742432 284.896514893 -324.435760498
290.323730469 285.256500244 -324.885772705
290.692718506 285.616485596 -325.335784912
291.043731689 285.958496094 -325.789398193
291.394744873 286.300506592 -326.243011475
291.738555908 286.635314941 -326.693023682
292.082366943 286.970123291 -327.143035889
292.433380127 287.315734863 -327.575042725
292.784393311 287.661346436 -328.007049561
293.121002197 287.992553711 -328.449859619
293.457611084 288.323760986 -328.892669678
293.790618896 288.651367188 -329.331878662
294.123626709 288.978973389 -329.771087646
294.46383667 289.313781738 -330.19229126
294.804046631 289.648590088 -330.613494873
295.126251221 289.968994141 -331.045501709
295.448455811 290.289398193 -331.477508545
295.767059326 290.606201172 -331.905914307
296.085662842 290.92300415 -332.334320068
296.41506958 291.247009277 -332.748321533
296.744476318 291.571014404 -333.162322998
297.055877686 291.87701416 -333.579925537
297.367279053 292.183013916 -333.997528076
297.689483643 292.49621582 -334.400726318
298.011688232 292.809417725 -334.803924561
298.308685303 293.104614258 -335.214324951
298.605682373 293.399810791 -335.624725342
298.902679443 293.687805176 -336.02432251
299.199676514 293.975799561 -336.423919678
299.485870361 294.256591797 -336.819915771
299.772064209 294.537384033 -337.215911865
300.051055908 294.814575195 -337.604705811
300.330047607 295.091766357 -337.993499756
300.605438232 295.361755371 -338.378692627
300.880828857 295.631744385 -338.763885498
301.149017334 295.89453125 -339.138275146
301.417205811 296.157318115 -339.512664795
301.678192139 296.409332275 -339.876251221
301.939178467 296.661346436 -340.239837646
302.192993164 296.906158447 -340.596252441
302.446807861 297.150970459 -340.952667236
302.69342041 297.392181396 -341.301879883
302.940032959 297.633392334 -341.651092529
303.175842285 297.867401123 -341.996704102
303.411651611 298.101409912 -342.342315674
303.643859863 298.331817627 -342.684326172
303.876068115 298.562225342 -343.02633667
304.104675293 298.785430908 -343.36114502
304.333282471 299.008636475 -343.695953369
304.5546875 299.221038818 -344.019958496
304.776092529 299.433441162 -344.343963623
304.99029541 299.638641357 -344.660766602
305.204498291 299.843841553 -344.97756958
305.407897949 300.045440674 -345.28717041
305.611297607 300.247039795 -345.59677124
305.807495117 300.441436768 -345.902770996
306.003692627 300.63583374 -346.208770752
306.196289063 300.826629639 -346.507568359
306.388885498 301.017425537 -346.806365967
306.581481934 301.201019287 -347.1015625
306.774078369 301.384613037 -347.396759033
306.955871582 301.557403564 -347.681152344
307.137664795 301.730194092 -347.965545654
307.315856934 301.899383545 -348.242736816
307.494049072 302.068572998 -348.519927979
307.661437988 302.234161377 -348.793518066
307.828826904 302.399749756 -349.067108154
307.992614746 302.561737061 -349.337097168
308.156402588 302.723724365 -349.607086182
308.316589355 302.878509521 -349.873474121
308.476776123 303.033294678 -350.139862061
308.636962891 303.184509277 -350.399047852
308.797149658 303.335723877 -350.658233643
308.950164795 303.479736328 -350.910247803
309.103179932 303.623748779 -351.162261963
309.252593994 303.76776123 -351.414276123
309.402008057 303.911773682 -351.666290283
309.547821045 304.055786133 -351.918304443
309.693634033 304.199798584 -352.170318604
309.835845947 304.340209961 -352.418731689
309.978057861 304.480621338 -352.667144775
310.120269775 304.617431641 -352.911956787
310.262481689 304.754241943 -353.156768799
310.404693604 304.887451172 -353.397979736
310.546905518 305.0206604 -353.639190674
310.685516357 305.150268555 -353.876800537
310.824127197 305.279876709 -354.1144104
310.959136963 305.409484863 -354.352020264
311.094146729 305.539093018 -354.589630127
311.221954346 305.665100098 -354.823638916
311.349761963 305.791107178 -355.057647705
311.481170654 305.917114258 -355.291656494
311.612579346 306.043121338 -355.525665283
311.743988037 306.165527344 -355.759674072
311.875396729 306.28793335 -355.993682861
312.003204346 306.406738281 -356.220489502
312.131011963 306.525543213 -356.447296143
312.255218506 306.64074707 -356.674102783
312.379425049 306.755950928 -356.900909424
312.500030518 306.871154785 -357.12411499
312.620635986 306.986358643 -357.347320557
312.741241455 307.105163574 -357.574127197
312.861846924 307.223968506 -357.800933838
312.982452393 307.339172363 -358.024139404
313.103057861 307.454376221 -358.247344971
313.22366333 307.565979004 -358.466949463
313.344268799 307.677581787 -358.686553955
313.461273193 307.785583496 -358.902557373
313.578277588 307.893585205 -359.118560791
313.691680908 308.001586914 -359.334564209
313.805084229 308.109588623 -359.550567627
313.914886475 308.217590332 -359.766571045
314.024688721 308.325592041 -359.982574463
314.134490967 308.43359375 -360.198577881
314.244293213 308.541595459 -360.414581299
314.354095459 308.645996094 -360.626983643
314.463897705 308.750396729 -360.839385986
314.573699951 308.851196289 -361.048187256
314.683502197 308.95199585 -361.256988525
314.789703369 309.049194336 -361.462188721
314.895904541 309.146392822 -361.667388916
314.998504639 309.243591309 -361.872589111
315.101104736 309.340789795 -362.077789307
315.20010376 309.437988281 -362.282989502
315.299102783 309.535186768 -362.488189697
315.398101807 309.632385254 -362.693389893
315.49710083 309.72958374 -362.898590088
315.596099854 309.823181152 -363.100189209
315.695098877 309.916778564 -363.30178833
315.7940979 310.006774902 -363.499786377
315.893096924 310.09677124 -363.697784424
315.988494873 310.183166504 -363.892181396
316.083892822 310.269561768 -364.086578369
316.175689697 310.359558105 -364.280975342
316.267486572 310.449554443 -364.475372314
316.359283447 310.539550781 -364.669769287
316.451080322 310.629547119 -364.86416626
316.539276123 310.715942383 -365.058563232
316.627471924 310.802337646 -365.252960205
316.715667725 310.885131836 -365.443756104
316.803863525 310.967926025 -365.634552002
316.8956604 311.047119141 -365.821746826
316.987457275 311.126312256 -366.00894165
317.072052002 311.201904297 -366.196136475
317.156646729 311.277496338 -366.383331299
317.237640381 311.356689453 -366.570526123
317.318634033 311.435882568 -366.757720947
317.399627686 311.515075684 -366.944915771
317.480621338 311.594268799 -367.132110596
317.565216064 311.673461914 -367.315704346
317.649810791 311.752655029 -367.499298096
317.730804443 311.824645996 -367.679290771
317.811798096 311.896636963 -367.859283447
317.892791748 311.965026855 -368.035675049
317.9737854 312.033416748 -368.21206665
318.047576904 312.101806641 -368.388458252
318.121368408 312.170196533 -368.564849854
318.195159912 312.2421875 -368.741241455
318.268951416 312.314178467 -368.917633057
318.339141846 312.382568359 -369.094024658
318.409332275 312.450958252 -369.27041626
318.483123779 312.51574707 -369.443206787
318.556915283 312.580535889 -369.615997314
318.627105713 312.641723633 -369.785186768
318.697296143 312.702911377 -369.954376221
318.767486572 312.764099121 -370.123565674
318.837677002 312.825286865 -370.292755127
318.904266357 312.886474609 -370.46194458
318.970855713 312.947662354 -370.631134033
319.033843994 313.008850098 -370.800323486
319.096832275 313.070037842 -370.969512939
319.159820557 313.131225586 -371.138702393
319.222808838 313.19241333 -371.307891846
319.289398193 313.25 -371.473480225
319.355987549 313.30758667 -371.639068604
319.41897583 313.361572266 -371.801055908
319.481964111 313.415557861 -371.963043213
319.544952393 313.469543457 -372.125030518
319.607940674 313.523529053 -372.287017822
319.663726807 313.577514648 -372.449005127
319.719512939 313.631500244 -372.610992432
319.778900146 313.689086914 -372.772979736
319.838287354 313.746673584 -372.934967041
319.897674561 313.80065918 -373.096954346
319.957061768 313.854644775 -373.25894165
320.016448975 313.905059814 -373.413726807
320.075836182 313.955474854 -373.568511963
320.131622314 314.002288818 -373.723297119
320.187408447 314.049102783 -373.878082275
320.239593506 314.099517822 -374.032867432
320.291778564 314.149932861 -374.187652588
320.343963623 314.2003479 -374.342437744
320.396148682 314.250762939 -374.4972229
320.44833374 314.297576904 -374.652008057
320.500518799 314.344390869 -374.80