0 0 0 0 0 0
-4 -35 277 627 3 98 
45 23 380 32 -152 2 
-21 -35 189 494 -964 214 
20 -27 333 36 -82 28 
20 -13 296 -45 -42 19 
9 -18 278 34 -6 7 
7 -18 276 24 -13 9 
8 -20 277 15 -17 10 
7 -16 279 25 -9 7 
10 -19 279 16 -13 5 
6 -17 276 14 -15 9 
11 -22 279 13 -11 10 
10 -17 281 17 -16 6 
8 -17 279 15 -14 10 
9 -18 278 19 -13 6 
10 -17 278 23 -14 13 
9 -17 279 14 -21 10 
8 -18 280 21 -17 10 
8 -18 280 24 -15 9 
10 -20 279 25 -12 5 
7 -17 280 24 -16 12 
9 -18 279 24 -13 6 
9 -18 282 20 -19 6 
10 -18 280 19 -19 9 
8 -18 279 23 -19 7 
9 -19 280 28 -17 10 
16 -18 274 11 -18 9 
10 -19 275 10 -15 7 
8 -18 278 13 -15 10 
9 -18 278 19 -15 8 
8 -19 279 22 -12 9 
9 -17 279 17 -12 10 
9 -19 279 21 -12 7 
9 -18 280 21 -7 11 
10 -18 277 20 -11 12 
10 -17 278 16 -17 11 
9 -16 280 21 -14 10 
8 -18 278 22 -15 9 
10 -17 278 20 -13 11 
9 -16 266 -25 30 17 
29 -17 275 67 -28 1 
5 -21 280 5 -23 10 
7 -17 276 22 -18 12 
11 -19 281 22 -14 9 
9 -17 278 19 -19 10 
9 -18 282 22 -15 10 
7 -16 280 23 -17 12 
8 -18 279 23 -18 10 
9 -17 278 23 -14 11 
8 -19 279 20 -16 10 
9 -16 280 20 -14 13 
9 -18 279 20 -15 9 
9 -17 279 23 -15 13 
8 -19 284 25 -17 13 
11 -17 278 8 -19 10 
10 -18 280 14 -16 11 
11 -18 278 22 -9 10 
10 -18 279 17 -12 8 
8 -18 279 22 -15 9 
9 -17 279 20 -16 8 
9 -19 278 22 -12 9 
7 -16 280 23 -14 12 
9 -18 279 21 -18 14 
9 -17 280 22 -12 12 
10 -19 280 22 -14 7 
9 -17 280 18 -15 9 
9 -17 278 15 -15 11 
9 -19 280 19 -14 11 
9 -17 280 20 -16 6 
8 -17 278 25 -15 11 
8 -18 282 23 -17 6 
10 -17 276 29 -11 11 
10 -17 281 19 -11 10 
9 -17 280 22 -15 9 
9 -16 278 21 -14 8 
8 -17 278 19 -12 10 
8 -18 279 18 -15 7 
9 -18 280 21 -14 11 
8 -18 280 21 -14 11 
9 -17 278 22 -13 12 
8 -17 279 20 -17 6 
9 -19 279 22 -16 10 
9 -18 278 20 -14 11 
9 -17 278 18 -14 9 
8 -16 280 23 -15 11 
9 -17 280 19 -14 9 
10 -19 280 22 -13 9 
9 -17 281 18 -17 11 
8 -17 279 15 -12 10 
9 -18 276 21 -15 8 
9 -18 280 20 -15 8 
8 -18 280 25 -15 11 
10 -18 280 19 -16 14 
8 -18 279 19 -17 10 
9 -17 280 21 -14 9 
8 -17 278 22 -17 12 
7 -17 280 22 -16 10 
8 -17 279 22 -14 11 
8 -18 280 25 -14 10 
9 -18 278 24 -17 8 
8 -18 278 23 -15 11 
9 -18 279 25 -18 12 
9 -17 280 17 -16 8 
9 -18 280 24 -12 8 
9 -18 278 21 -16 10 
9 -18 280 23 -20 9 
10 -17 280 21 -13 9 
10 -19 281 22 -15 12 
8 -17 279 23 -16 10 
8 -18 279 19 -15 9 
11 -19 277 21 -15 7 
9 -18 277 21 -19 8 
9 -17 279 23 -13 10 
9 -19 279 23 -16 10 
9 -16 281 22 -12 13 
8 -17 279 20 -15 8 
9 -17 279 19 -17 9 
10 -18 278 22 -17 8 
8 -18 279 19 -13 15 
10 -18 277 20 -16 11 
10 -18 280 22 -14 7 
8 -17 277 19 -13 9 
8 -17 279 16 -8 11 
7 -17 276 20 -19 10 
10 -18 280 19 -18 9 
8 -19 278 22 -15 11 
10 -18 281 19 -16 8 
8 -17 277 22 -15 6 
9 -18 278 18 -11 9 
10 -18 279 20 -14 8 
9 -18 279 24 -17 8 
9 -18 279 18 -13 9 
9 -17 278 20 -13 7 
8 -17 279 22 -17 10 
7 -17 279 21 -10 8 
9 -18 278 26 -16 7 
8 -17 279 26 -15 11 
10 -16 280 22 -15 6 
10 -16 279 20 -17 11 
10 -18 280 20 -17 10 
11 -19 278 24 -21 8 
10 -18 278 21 -18 9 
10 -18 278 24 -23 11 
9 -17 281 23 -18 7 
9 -18 278 25 -15 8 
10 -16 272 33 -19 8 
11 -21 275 25 -8 8 
10 -17 280 17 -15 11 
10 -20 278 19 -20 11 
9 -17 279 21 -12 11 
9 -21 280 19 -17 11 
8 -17 279 21 -13 10 
10 -19 277 20 -18 8 
10 -18 278 22 -12 11 
10 -18 278 19 -18 6 
8 -17 277 22 -11 10 
5 -3 285 -33 -148 44 
22 -29 277 100 14 376 
-19 -80 281 1144 304 269 
62 -41 318 93 -54 764 
46 -51 264 573 120 947 
53 -7 252 989 -82 863 
57 1 236 1742 149 740 
99 -9 249 1382 613 542 
114 -23 238 903 -7 477 
129 -19 226 1180 241 445 
138 -32 231 1048 65 494 
156 -31 213 1240 154 399 
173 -21 203 1551 166 314 
196 -23 220 1394 528 186 
216 -8 195 1314 323 270 
229 0 188 1025 131 157 
232 -30 159 1110 202 208 
237 -21 157 977 217 197 
243 -28 134 856 26 195 
242 -24 131 598 18 168 
242 -35 121 444 82 176 
246 -30 118 171 -102 158 
249 -46 118 149 -191 367 
202 -46 -26 1064 -303 9 
261 -44 123 547 -257 184 
257 -56 111 -489 -487 683 
251 -87 94 -10 -268 676 
247 -93 88 -97 -497 803 
241 -88 89 -50 -329 688 
240 -62 77 51 -140 397 
233 -112 109 -283 -363 -16 
231 -95 82 -30 -264 -474 
236 -45 91 4 -94 -1095 
253 -50 88 79 84 -1650 
257 -74 74 131 -176 -1502 
261 -89 91 30 -209 -700 
270 -15 81 112 -260 -570 
277 -33 93 -4 -147 -431 
272 -16 88 -39 -44 -163 
267 -19 78 48 29 -103 
271 -11 89 -85 -78 26 
265 25 74 116 -138 -244 
271 -10 94 -81 -52 -96 
267 -8 71 -112 9 -11 
263 -8 88 -158 -29 86 
262 10 87 -16 -43 -97 
259 -10 81 47 -139 42 
260 0 91 -13 -128 62 
259 5 87 -3 -46 -20 
261 0 89 26 -27 -26 
264 -17 90 43 67 44 
272 -4 87 -68 -55 15 
272 -34 88 -192 274 -17 
269 14 97 399 237 -51 
269 4 80 395 -76 -118 
259 -2 83 34 -268 26 
267 5 87 -148 12 22 
268 3 85 -49 4 -143 
259 -1 78 287 112 -274 
278 8 94 -119 -15 89 
260 -2 81 26 -133 -418 
276 -4 73 19 -146 172 
269 4 86 -86 -22 269 
272 3 88 -107 -130 -118 
267 0 91 1 -79 -15 
265 2 92 -215 -82 -80 
263 1 93 -137 -73 -15 
260 2 97 -155 -94 -127 
257 2 98 -142 -26 -27 
257 9 102 -129 -22 -37 
260 1 102 -78 -46 -109 
254 0 100 41 -17 30 
252 3 104 -127 -62 14 
256 2 109 4 -36 -9 
256 4 113 -27 -30 6 
262 -2 109 26 -19 53 
254 8 108 7 -14 23 
260 6 113 -94 -54 16 
254 7 115 16 -48 43 
257 5 115 -20 -32 41 
260 1 112 68 -13 59 
255 0 110 -10 -21 -14 
254 1 112 28 -9 55 
257 5 114 -81 -38 -10 
262 3 117 -17 -26 0 
251 4 119 52 -2 29 
257 8 118 -77 -9 -26 
253 4 117 20 -26 -53 
252 3 114 75 -16 -7 
249 2 115 85 8 44 
254 5 116 56 -5 23 
257 2 109 53 -24 36 
256 3 114 -10 -24 28 
262 0 115 26 -3 67 
258 3 111 87 -6 35 
257 1 111 69 -11 47 
258 3 112 -28 -30 51 
256 2 115 7 -9 -1 
253 -3 108 76 2 34 
254 -2 102 57 -23 35 
252 1 108 41 -13 76 
258 -2 109 27 -42 106 
259 -2 111 -14 -45 83 
258 -3 112 -14 -31 99 
257 -1 116 -80 -34 18 
267 0 120 -7 -10 65 
264 -4 110 85 17 72 
262 -5 105 46 -23 -63 
256 -6 109 -3 -20 5 
255 -7 109 27 -18 10 
255 -8 110 49 7 -1 
251 -10 111 20 -7 16 
255 -6 110 83 2 68 
253 -1 115 67 -9 15 
256 -4 112 70 27 34 
261 -8 105 0 -20 1 
252 -4 112 22 -13 -27 
263 -8 109 -29 -11 13 
255 -6 111 116 7 67 
258 -4 112 56 -7 32 
256 -7 104 157 -3 -21 
265 -7 104 228 23 -29 
273 -7 105 445 59 119 
267 -13 88 849 100 65 
269 -10 72 1113 118 133 
277 -14 60 1213 136 300 
257 -24 31 1887 200 283 
274 -30 3 1589 141 274 
268 -27 -25 1554 78 199 
257 -31 -50 1812 118 256 
235 -35 -75 1725 93 136 
214 -37 -96 1164 -32 102 
213 -43 -107 566 -110 15 
215 -39 -107 802 -32 115 
203 -47 -128 993 47 173 
196 -46 -138 705 -18 147 
181 -52 -143 465 -43 128 
178 -57 -149 444 33 127 
190 -55 -156 461 4 150 
176 -53 -163 570 1 98 
145 -58 -171 378 36 55 
143 -63 -175 268 -2 67 
142 -59 -177 175 -22 2 
141 -64 -179 97 -36 36 
140 -59 -174 -19 -22 40 
146 -56 -174 45 -21 5 
149 -56 -172 64 15 19 
144 -64 -179 -12 -8 27 
144 -60 -174 -48 -32 5 
145 -57 -172 8 -1 33 
143 -60 -171 -4 -5 2 
137 -60 -176 -41 -1 -3 
150 -59 -171 5 -21 3 
147 -63 -174 9 -5 58 
140 -56 -174 -20 -6 19 
150 -67 -181 -18 -48 65 
153 -58 -170 14 -32 51 
141 -59 -171 -8 -17 11 
143 -63 -173 -7 -34 31 
150 -62 -171 85 44 141 
143 -63 -168 -6 -11 121 
147 -67 -173 64 31 149 
139 -65 -175 69 40 148 
144 -68 -176 57 -13 200 
137 -69 -170 21 33 164 
143 -73 -175 1 -16 3 
140 -71 -170 53 82 217 
134 -75 -170 82 53 154 
137 -78 -175 48 25 154 
133 -78 -171 49 -18 59 
134 -82 -172 -91 -97 -160 
137 -80 -174 -188 -109 -304 
142 -69 -170 -186 -163 -323 
141 -69 -169 -182 -168 -316 
155 -63 -170 -167 -144 -245 
163 -64 -173 -37 -66 -31 
160 -60 -169 -3 -45 36 
151 -57 -167 -95 -151 -254 
165 -53 -169 7 -52 -39 
162 -54 -168 23 -72 -101 
158 -50 -168 17 -74 -137 
160 -50 -172 7 -143 -178 
162 -46 -168 42 -7 56 
161 -47 -170 -3 -27 21 
166 -48 -167 35 -10 23 
160 -47 -168 46 12 79 
157 -48 -171 -15 -15 22 
158 -45 -167 12 -23 5 
163 -48 -166 40 6 59 
162 -50 -168 26 -4 55 
161 -48 -166 24 14 89 
154 -52 -166 -70 -25 19 
160 -47 -163 -2 -27 -18 
163 -51 -171 24 -25 -28 
165 -47 -166 -7 -39 -23 
166 -52 -169 48 11 61 
159 -49 -166 52 -9 -6 
161 -49 -166 -2 -32 -69 
159 -47 -166 -13 -28 -24 
162 -47 -166 8 -9 9 
161 -49 -168 -2 -31 18 
165 -48 -165 18 8 95 
162 -50 -172 8 4 62 
162 -46 -163 -13 -19 38 
162 -47 -160 18 -6 15 
160 -49 -165 2 -29 -20 
165 -47 -165 29 -7 16 
161 -49 -164 15 -9 20 
162 -47 -164 32 -9 -1 
165 -51 -167 25 -13 -6 
164 -49 -168 31 -22 -14 
161 -52 -167 31 -25 -2 
165 -52 -166 -22 -24 7 
162 -47 -162 39 3 33 
167 -50 -167 63 -1 28 
161 -50 -169 26 -21 17 
163 -52 -166 23 3 8 
161 -50 -165 14 -15 2 
163 -50 -169 38 -1 23 
159 -51 -169 -5 -27 -3 
163 -49 -164 27 -8 21 
158 -50 -165 27 2 27 
165 -53 -167 34 -12 21 
162 -51 -168 36 9 30 
159 -51 -168 10 -33 -3 
164 -52 -172 24 -25 5 
159 -50 -165 51 -1 9 
160 -48 -166 33 -14 -20 
161 -49 -162 14 -24 13 
158 -54 -169 23 -17 16 
163 -52 -164 35 -19 14 
161 -51 -165 21 -21 -8 
158 -49 -164 8 -18 -1 
160 -51 -166 12 -18 4 
161 -50 -165 27 -16 -8 
160 -51 -167 15 -10 24 
161 -51 -167 16 -8 14 
162 -52 -165 26 -7 7 
163 -49 -166 10 -11 5 
159 -50 -166 21 -3 11 
159 -51 -165 33 -9 -1 
157 -50 -165 22 -13 -5 
165 -53 -164 4 -27 25 
160 -55 -168 0 -34 5 
162 -52 -167 31 -12 14 
166 -56 -167 6 -20 41 
163 -52 -164 1 -15 22 
165 -53 -169 -3 -19 4 
159 -51 -164 41 -4 13 
161 -51 -167 20 -7 26 
161 -51 -167 18 -19 15 
159 -50 -163 24 -13 15 
162 -52 -167 11 -23 26 
160 -54 -166 35 -19 21 
161 -53 -166 25 -21 -16 
160 -55 -167 19 -18 10 
160 -51 -167 31 -12 18 
160 -56 -166 12 -18 6 
160 -51 -163 34 -5 10 
160 -56 -165 15 -13 20 
162 -50 -165 28 -7 -9 
161 -55 -168 -2 -34 -7 
162 -52 -164 38 -6 -2 
158 -52 -166 23 -17 15 
161 -53 -166 13 -23 -8 
161 -52 -167 14 -17 -3 
160 -53 -168 39 -12 -5 
159 -51 -165 12 -8 12 
162 -53 -166 21 -15 35 
156 -51 -161 35 -14 -9 
161 -56 -167 7 -22 25 
161 -52 -166 35 -15 -16 
155 -53 -168 18 -18 5 
162 -52 -165 25 -11 -3 
161 -53 -166 13 -19 1 
161 -51 -164 40 -2 21 
156 -56 -166 18 -34 -10 
160 -54 -165 10 -16 2 
157 -51 -165 9 -13 6 
160 -50 -162 41 -5 1 
161 -54 -167 26 -12 -6 
160 -53 -166 16 -18 -5 
161 -55 -166 32 12 94 
157 -52 -166 30 -15 -21 
159 -54 -167 25 -6 -2 
158 -57 -167 16 -8 21 
159 -54 -166 22 -12 25 
160 -52 -166 17 -25 -19 
160 -55 -167 29 -9 20 
161 -57 -165 21 -11 18 
159 -53 -166 22 -12 18 
158 -53 -164 4 -16 17 
158 -54 -165 14 -16 3 
163 -57 -167 27 -13 19 
155 -52 -164 9 -28 -7 
157 -56 -165 12 -36 -23 
162 -54 -164 32 -7 12 
159 -56 -169 12 -16 28 
158 -52 -165 26 -11 7 
158 -57 -167 9 -17 15 
161 -57 -165 41 -16 4 
157 -54 -164 27 -2 7 
158 -53 -164 12 -21 34 
161 -59 -168 49 -11 24 
159 -55 -166 11 -23 19 
160 -56 -167 34 -13 17 
160 -57 -165 1 -15 33 
160 -57 -165 20 -15 21 
159 -56 -166 53 14 66 
159 -59 -168 9 -29 12 
161 -55 -166 18 -15 14 
157 -55 -165 16 -20 7 
159 -55 -163 18 -2 7 
159 -55 -165 15 -25 -10 
157 -54 -162 38 -1 16 
163 -57 -167 -1 -29 2 
159 -54 -164 32 -8 11 
155 -57 -166 -2 -23 -2 
163 -56 -165 29 -15 21 
157 -57 -165 25 -7 -8 
162 -55 -165 15 -6 29 
158 -57 -165 27 -28 -5 
159 -58 -166 32 -12 20 
161 -58 -167 44 -9 1 
159 -57 -166 -7 -30 -1 
159 -53 -165 22 -15 -21 
159 -56 -165 15 -13 -5 
159 -55 -163 51 -9 -2 
158 -55 -166 32 -12 14 
155 -56 -167 20 -31 11 
159 -60 -167 46 -7 37 
158 -56 -164 28 -7 8 
158 -55 -166 17 -3 -2 
155 -56 -166 22 -9 -15 
156 -58 -169 20 5 -1 
154 -58 -170 41 -7 -1 
158 -59 -171 32 -9 10 
157 -56 -167 18 -19 27 
158 -57 -169 34 -28 -2 
156 -55 -166 29 -6 16 
155 -60 -170 9 -20 18 
158 -56 -166 25 -6 5 
155 -58 -169 37 -20 -22 
156 -57 -170 -3 -28 -3 
160 -56 -169 -3 -24 20 
156 -57 -167 27 -15 12 
158 -57 -169 19 -22 9 
159 -59 -166 18 -14 17 
154 -56 -166 25 -20 -20 
157 -57 -167 37 8 35 
157 -56 -167 9 -27 9 
154 -56 -169 13 -22 14 
159 -57 -167 28 -9 3 
155 -57 -166 30 -7 12 
159 -57 -169 14 -12 8 
156 -57 -166 3 -21 4 
157 -58 -167 9 -18 15 
153 -58 -165 19 -25 -7 
157 -57 -167 14 -13 4 
158 -57 -167 16 -19 19 
154 -58 -166 34 -26 -4 
159 -60 -171 19 -21 5 
157 -58 -164 18 -23 10 
159 -54 -170 31 -11 6 
157 -61 -167 20 -18 22 
160 -56 -167 54 3 27 
156 -60 -170 12 -22 -5 
158 -57 -166 20 -14 30 
158 -58 -169 31 -16 -4 
157 -57 -166 35 -10 8 
160 -59 -168 41 -2 30 
160 -58 -168 34 -6 42 
156 -59 -165 30 -9 7 
160 -58 -168 24 -16 24 
156 -56 -168 37 -6 8 
156 -57 -171 19 -25 3 
158 -59 -168 34 -6 15 
157 -59 -170 19 -14 -20 
156 -58 -169 29 -17 -2 
157 -58 -170 8 -29 -5 
156 -55 -165 27 -18 -12 
157 -58 -169 7 -20 17 
154 -55 -165 37 -5 4 
159 -56 -169 18 -26 -13 
159 -59 -168 28 -13 19 
156 -59 -170 3 -21 19 
154 -55 -166 38 -11 -16 
157 -60 -174 35 -15 7 
155 -55 -167 12 -18 0 
156 -58 -167 23 -8 32 
157 -58 -168 35 -7 14 
157 -58 -170 11 -17 15 
155 -58 -168 30 -20 4 
158 -56 -167 32 -14 4 
158 -59 -168 14 -18 17 
158 -55 -167 40 -8 3 
154 -58 -170 20 -16 22 
157 -56 -167 6 -24 6 
154 -57 -166 19 -9 4 
156 -59 -169 0 -30 4 
155 -58 -168 29 -4 12 
156 -57 -169 -6 -25 8 
156 -57 -167 22 -9 20 
155 -57 -169 3 -25 18 
154 -59 -167 21 -28 -13 
156 -55 -167 12 -13 15 
155 -56 -167 14 -17 21 
158 -58 -169 11 -14 40 
158 -58 -167 31 -14 21 
155 -60 -168 19 -9 24 
158 -56 -167 14 -21 3 
154 -58 -166 37 -4 38 
156 -56 -166 23 -14 3 
156 -59 -169 16 -17 11 
154 -57 -169 8 -29 19 
157 -60 -168 0 -36 -3 
158 -58 -166 33 -8 14 
156 -58 -169 43 -16 -1 
157 -57 -168 28 -15 7 
155 -57 -168 30 -11 23 
158 -57 -168 25 -16 9 
155 -58 -165 23 -9 1 
158 -56 -168 23 -15 6 
156 -60 -167 20 -10 36 
157 -60 -169 28 -15 1 
155 -56 -166 18 -12 -1 
156 -59 -168 39 -3 24 
155 -57 -167 25 -22 -11 
157 -57 -166 31 0 22 
153 -56 -167 18 -15 4 
155 -58 -167 31 -10 11 
153 -58 -169 19 -15 3 
154 -60 -167 22 -22 9 
157 -60 -171 27 -21 8 
155 -57 -165 23 -16 -12 
155 -61 -171 20 -17 -10 
159 -54 -165 21 -3 -1 
153 -60 -169 12 -18 -4 
155 -56 -167 24 -17 7 
155 -59 -169 23 -13 14 
155 -60 -170 12 -24 0 
155 -59 -166 27 2 36 
157 -61 -169 14 -19 8 
155 -54 -166 37 -2 21 
155 -60 -169 14 -25 -2 
156 -59 -169 25 -13 11 
154 -58 -169 16 -16 -4 
156 -58 -168 24 -6 38 
152 -59 -168 21 -20 7 
155 -61 -170 19 -24 2 
156 -58 -168 36 -13 4 
154 -58 -167 0 -20 14 
153 -55 -167 36 3 -16 
154 -58 -168 -13 -24 25 
154 -59 -168 17 -16 16 
157 -58 -170 11 -16 28 
156 -58 -166 31 6 49 
154 -61 -168 31 -6 23 
157 -62 -171 17 -20 21 
158 -60 -169 44 2 51 
152 -59 -167 11 -21 19 
155 -60 -167 36 -14 19 
155 -61 -169 6 -25 -1 
155 -60 -165 35 -11 22 
156 -60 -169 26 -14 15 
153 -61 -169 12 -18 25 
155 -59 -168 31 -16 -3 
155 -60 -169 15 -21 16 
152 -58 -167 12 -25 -7 
160 -60 -168 64 6 4 
152 -59 -171 3 -22 3 
153 -58 -166 -10 -16 0 
152 -59 -165 -36 -22 -5 
158 -63 -168 -108 -36 -7 
155 -58 -165 -137 -62 -20 
166 -55 -164 -167 -56 -15 
168 -53 -160 -38 -29 -20 
156 -56 -161 -120 -53 -47 
165 -60 -163 -20 -23 -2 
174 -59 -161 4 -15 33 
174 -61 -164 30 -11 48 
166 -53 -158 24 -20 -17 
169 -59 -162 -30 -34 6 
172 -58 -158 28 -24 12 
176 -59 -163 6 -23 16 
170 -57 -155 6 -12 -6 
171 -56 -160 40 -7 -3 
166 -58 -159 -8 -27 3 
167 -59 -160 19 -11 17 
169 -55 -156 55 2 -5 
169 -57 -161 21 -9 11 
171 -55 -158 37 -8 24 
168 -55 -157 31 -14 7 
169 -54 -156 19 -11 25 
168 -58 -160 42 -8 31 
167 -54 -157 13 -19 -19 
165 -60 -160 11 -18 8 
169 -57 -161 16 -15 -2 
168 -57 -159 38 -6 30 
168 -58 -159 24 -18 25 
168 -56 -160 55 -2 15 
166 -58 -160 3 -19 13 
172 -59 -156 6 -24 17 
167 -54 -154 46 1 -10 
167 -60 -163 3 -19 27 
171 -53 -157 45 -7 27 
166 -62 -160 13 -18 12 
168 -58 -160 17 -19 27 
170 -60 -158 16 -18 35 
167 -59 -159 29 -16 9 
171 -58 -158 11 -25 -5 
169 -57 -159 36 -14 7 
168 -57 -157 29 -21 0 
165 -58 -163 29 -8 0 
169 -58 -158 20 -17 3 
165 -59 -159 22 -15 8 
169 -61 -158 26 -16 21 
169 -58 -162 43 -10 10 
170 -61 -161 16 -21 33 
171 -58 -160 28 -16 11 
168 -58 -158 29 -12 21 
166 -57 -161 33 -8 -1 
165 -58 -158 17 -25 -16 
169 -59 -158 26 -13 23 
167 -57 -159 22 -22 10 
166 -60 -159 18 -19 3 
169 -58 -159 36 -6 8 
167 -60 -161 36 -10 7 
166 -59 -160 38 -15 -13 
165 -57 -162 7 -18 -1 
167 -58 -157 14 -21 -11 
167 -60 -160 7 -23 2 
167 -57 -161 38 -8 -2 
167 -60 -161 -6 -16 7 
167 -57 -160 26 -18 -3 
167 -59 -159 18 -16 3 
168 -57 -160 30 -13 -6 
169 -60 -163 8 -26 -1 
171 -55 -155 -22 -31 1 
166 -57 -153 -20 -15 2 
176 -61 -161 14 -21 -13 
170 -57 -159 24 -25 -55 
163 -63 -160 -11 -45 34 
179 -56 -154 -33 -42 -10 
169 -56 -158 37 -9 -1 
172 -51 -161 -55 -35 -37 
168 -55 -159 -61 -34 6 
168 -53 -155 -78 -24 -4 
174 -53 -153 -91 -9 -24 
183 -55 -159 -65 -20 7 
177 -57 -151 -117 -14 47 
182 -46 -142 -110 5 14 
183 -47 -149 -83 19 -46 
186 -56 -150 -107 -17 5 
190 -51 -143 -91 -17 14 
190 -53 -145 -57 -16 12 
187 -53 -142 -108 -7 51 
193 -54 -142 -122 -47 -13 
192 -58 -149 14 -31 49 
190 -57 -143 -79 -78 34 
190 -55 -146 -176 -214 80 
209 -66 -148 -187 -462 212 
192 -56 -144 -307 -697 400 
218 -39 -122 -503 -857 356 
203 -31 -121 -325 -866 540 
203 -34 -127 -381 -907 528 
214 -30 -123 -325 -844 715 
226 -26 -117 -404 -657 545 
185 -41 -129 -199 -645 366 
220 -40 -114 -372 -544 206 
204 -48 -114 -424 -341 330 
241 -32 -94 -358 -411 217 
259 -30 -74 -339 -385 -44 
261 -26 -79 -1100 -325 -163 
252 -33 -78 -877 -414 -223 
249 -18 -57 -475 -397 -131 
257 -16 -34 -1142 -376 -175 
256 -5 -27 -930 -393 -194 
252 -7 -13 -532 -241 24 
266 -1 5 -498 -46 154 
272 -2 6 -209 -134 68 
279 -3 12 -242 97 90 
271 -10 11 121 142 110 
276 -1 21 185 185 88 
262 -30 8 320 297 351 
270 -39 13 -198 677 431 
257 -35 16 41 816 330 
268 -41 23 324 949 305 
269 -50 18 410 945 106 
252 -49 16 385 951 263 
284 -54 5 373 838 -28 
254 -33 -6 510 659 9 
270 -46 -7 78 611 -193 
266 -44 -4 150 812 83 
255 -29 2 36 863 -87 
278 -56 12 91 1524 -223 
258 -63 22 -339 1092 73 
275 -63 34 -737 1177 366 
256 -61 36 -402 838 138 
264 -61 49 -312 671 51 
275 -43 66 -530 661 -108 
270 -50 89 -1189 496 25 
254 -58 102 -1127 352 205 
241 -43 115 -744 300 56 
246 -37 131 -222 221 -36 
251 -46 134 -269 155 24 
254 -52 149 -637 57 345 
201 -39 133 -160 -84 453 
225 -42 155 321 129 315 
226 -36 138 583 -288 61 
237 -44 125 1105 -960 -9 
257 -77 97 1669 -1192 -188 
254 -48 72 1498 -1118 -86 
258 -75 45 1306 -488 -377 
270 -76 25 800 -273 -104 
258 -67 18 489 -337 -20 
264 -73 15 701 -304 -49 
249 -69 -4 1134 -535 50 
263 -73 -23 1306 -260 -49 
249 -60 -43 731 -233 69 
255 -70 -51 607 -119 16 
229 -62 -66 642 -210 104 
248 -66 -74 592 -244 57 
240 -69 -90 597 -138 84 
225 -61 -90 344 -90 12 
221 -63 -95 307 -44 -2 
215 -69 -107 288 -36 74 
214 -66 -111 219 42 67 
217 -66 -114 155 -30 26 
212 -68 -114 166 -20 -10 
202 -71 -122 155 20 102 
218 -67 -118 -24 -8 -15 
220 -85 -134 207 -116 163 
195 -78 -121 -151 -87 -114 
194 -67 -116 -83 -66 -46 
206 -62 -112 17 -23 87 
202 -62 -120 -39 -16 -6 
211 -67 -118 -99 -23 49 
206 -69 -119 -155 -37 34 
217 -66 -111 -147 -38 46 
216 -70 -110 -37 -21 94 
215 -66 -105 6 -66 70 
219 -79 -105 109 -131 137 
221 -75 -107 265 -324 85 
207 -73 -117 55 -437 263 
190 -71 -128 7 -945 430 
211 -65 -130 164 -1077 682 
183 -63 -139 -81 -1319 1033 
202 -85 -148 -250 -1153 651 
192 -41 -131 -296 -1007 530 
196 -28 -135 -428 -803 471 
194 -47 -141 -457 -824 562 
197 -44 -130 -533 -718 472 
211 -28 -114 -386 -542 671 
216 -45 -117 -229 -478 454 
220 -48 -116 -130 -482 499 
242 -36 -107 202 -320 107 
189 -77 -158 773 -489 -152 
130 -50 -160 728 -471 -213 
185 -27 -141 186 -525 -86 
177 -27 -144 178 -360 97 
197 -42 -138 78 101 88 
190 -31 -139 48 235 130 
208 -16 -126 -410 276 21 
200 -49 -147 -424 190 311 
199 -26 -129 -604 -135 -287 
215 -52 -140 -170 -595 84 
209 -33 -132 177 -869 303 
200 11 -132 88 -1870 -284 
212 -18 -138 78 -1908 -210 
181 39 -149 4 -527 15 
210 44 -135 124 -426 85 
214 67 -135 -452 -1035 148 
206 68 -129 -249 -434 -187 
213 75 -103 -190 -378 27 
213 68 -123 -282 -447 41 
214 78 -116 -446 -351 68 
220 71 -112 -1306 126 154 
243 67 -87 -1123 362 217 
263 61 -63 -975 160 193 
273 58 -27 -1265 162 108 
274 63 -18 -1258 210 253 
275 53 3 -1439 131 360 
261 50 29 -940 142 277 
226 29 4 1660 224 -168 
278 29 9 2149 -363 -15 
259 50 -54 2407 -9 -750 
244 55 -86 1905 47 -496 
235 63 -114 1950 233 -122 
198 66 -140 1518 120 -57 
187 64 -147 1683 257 74 
158 65 -167 1325 70 -72 
126 64 -183 1659 -7 -13 
115 55 -193 1334 185 43 
75 60 -209 1088 328 146 
87 45 -210 -363 346 -102 
90 43 -210 -1842 290 -199 
121 31 -224 -1939 164 -94 
152 36 -191 -2084 80 -15 
174 37 -181 -1533 16 -92 
199 24 -130 -2008 547 -290 
205 10 -135 -1690 1544 -61 
249 -24 -105 -1029 2750 726 
238 -6 -31 -928 2449 418 
239 -46 -44 -156 1840 -93 
266 -68 -30 193 1226 -141 
257 -61 -14 163 1053 -204 
260 -70 -31 -314 858 -525 
252 -53 -5 -535 655 -792 
282 -43 10 -511 802 -1194 
258 -30 3 -449 554 -1193 
272 1 34 -538 728 -1285 
266 19 26 -85 413 -1390 
270 49 33 -199 515 -1127 
269 72 38 -146 459 -724 
259 68 26 96 572 -430 
265 96 33 176 525 -499 
260 83 17 157 373 -387 
259 96 12 94 298 -237 
244 95 16 284 243 -150 
256 102 6 427 369 64 
250 99 -12 843 369 29 
246 94 -31 977 260 76 
242 91 -39 1098 255 154 
241 89 -63 1303 291 264 
237 86 -77 978 193 103 
242 89 -87 531 37 -132 
229 88 -93 22 -82 -34 
223 84 -97 6 -134 -68 
219 94 -91 136 -59 -203 
226 97 -96 88 -166 -437 
225 89 -100 -88 -242 -491 
212 105 -95 -119 -218 -441 
215 123 -84 -187 -261 -328 
217 124 -82 -112 -205 -228 
213 132 -78 -348 -107 -225 
205 127 -76 -329 -51 -227 
217 143 -71 -26 -181 -267 
206 139 -70 -35 -148 -162 
206 141 -74 -120 -255 -163 
198 148 -65 -25 -208 -27 
206 153 -60 -117 -231 -59 
205 155 -54 -15 -208 13 
209 158 -55 -36 -238 12 
208 160 -46 -11 -203 -26 
211 161 -43 10 -136 33 
207 163 -46 46 -118 -4 
212 158 -49 31 -99 24 
207 154 -45 27 -150 28 
206 155 -45 97 -137 67 
206 158 -32 -20 -190 79 
214 161 -36 106 -64 165 
214 167 -35 44 -42 96 
218 160 -43 47 3 83 
215 158 -50 52 -3 15 
220 153 -52 52 7 44 
218 153 -47 27 -44 45 
214 154 -42 -16 -64 -26 
217 159 -45 49 6 23 
219 156 -48 10 -34 -14 
215 152 -47 3 -64 -17 
214 153 -46 23 -5 28 
213 155 -43 -43 -73 7 
217 154 -44 4 -33 -15 
218 157 -41 -12 -59 -27 
210 154 -43 35 -19 13 
218 156 -40 -41 -98 19 
220 154 -42 -46 -84 2 
217 152 -41 -58 -53 50 
222 154 -40 -19 -24 70 
219 154 -41 -68 -42 104 
221 148 -38 -97 -81 48 
223 155 -32 -36 -32 91 
223 152 -32 -119 -167 54 
224 160 -24 -53 -137 22 
222 168 -27 58 -139 47 
212 152 -37 39 -268 97 
217 147 -21 -44 -281 179 
237 137 -23 -16 -176 316 
243 143 -17 -7 -79 395 
236 145 8 -111 -250 219 
218 119 -4 162 -232 597 
256 112 -33 78 -484 661 
224 107 13 -170 -664 695 
283 154 66 -451 -207 -199 
254 101 28 -42 -36 -49 
268 111 2 -429 -37 -141 
260 103 28 -664 234 -78 
252 109 43 -604 107 -229 
254 106 55 -450 176 -91 
255 125 68 -248 67 -50 
265 133 72 -396 150 -92 
253 139 88 -395 135 -206 
243 142 96 -549 -17 -280 
243 134 95 -700 -86 -295 
231 142 87 -830 -175 -289 
225 144 101 -772 -135 -332 
201 141 120 -693 -110 -266 
208 142 115 -635 -160 -255 
185 148 131 -461 -74 -137 
177 147 136 -343 -37 -112 
179 127 124 -47 -152 112 
181 148 131 106 -30 84 
179 155 131 279 15 105 
187 152 125 379 -28 119 
193 142 129 535 -55 127 
204 148 129 647 -79 92 
216 142 121 764 -128 181 
226 134 107 801 -255 217 
237 130 112 832 -379 253 
242 122 112 727 -511 294 
240 123 112 562 -552 309 
254 126 110 240 -371 142 
254 117 105 141 -81 29 
252 106 82 32 21 -13 
247 105 79 27 21 -18 
246 104 83 71 -83 10 
248 104 78 77 -196 -3 
247 105 81 107 -177 2 
250 105 75 136 -52 22 
251 102 82 40 -20 7 
251 106 85 51 7 10 
252 100 79 105 69 -24 
257 108 74 -63 30 13 
249 104 72 3 41 36 
248 110 72 23 19 2 
249 104 73 13 5 2 
252 108 73 75 23 -4 
250 106 73 82 0 4 
252 104 73 107 -99 -10 
249 102 78 338 -214 18 
248 107 78 756 -342 -33 
263 86 51 315 -381 522 
261 99 63 203 -536 306 
257 88 57 48 -593 341 
253 76 63 37 -721 319 
260 85 72 11 -729 414 
274 31 20 746 -1441 818 
274 35 54 502 -1556 776 
300 -7 48 -431 -529 416 
266 24 54 619 -1798 -396 
287 31 50 276 -2023 -643 
266 21 46 -931 -1163 274 
262 29 36 -487 -966 -21 
271 24 50 205 -283 162 
279 27 60 -88 1107 231 
296 40 86 -75 1105 1438 
248 1 70 717 314 -612 
256 3 71 -413 -1653 -383 
268 7 41 -825 -2199 -512 
250 -1 61 20 -716 -113 
250 7 78 248 -322 219 
261 7 81 149 -152 158 
271 4 77 444 -127 -23 
286 -10 71 502 27 -139 
289 -14 43 1018 287 -101 
272 -7 21 1356 471 -500 
263 21 -2 557 106 -532 
258 39 -13 464 174 -553 
260 40 -12 -568 135 148 
282 45 -24 804 364 -283 
251 46 -23 1055 393 -569 
240 56 -54 736 123 -383 
264 64 -66 633 124 -389 
252 69 -74 483 81 -322 
236 72 -77 299 147 -161 
255 58 -72 -560 1243 363 
243 28 -80 216 2995 604 
257 -22 -87 -1471 1938 672 
270 -23 -26 -2060 1457 -4 
291 -32 -34 -126 991 32 
250 -27 -5 -255 1822 558 
253 -20 26 -597 2094 560 
261 -18 55 -122 1117 74 
270 -52 45 239 1301 391 
285 -32 90 -491 1517 165 
280 -39 91 -122 1405 227 
254 -22 82 -93 791 219 
263 -25 70 -512 355 -125 
262 24 103 -87 349 583 
267 -23 120 -296 658 -41 
266 -31 80 502 775 -306 
249 -34 86 -1033 294 131 
248 -35 104 82 441 -127 
258 -10 96 215 592 -269 
278 -6 130 158 1122 -485 
301 -32 192 -822 1074 55 
275 34 114 -111 401 14 
265 40 96 181 470 -200 
268 44 100 -285 719 -187 
263 46 102 22 881 -471 
251 49 90 45 733 -474 
244 44 84 727 474 -203 
271 71 87 446 588 -116 
257 87 71 149 148 -126 
262 82 64 389 324 -158 
250 87 55 252 213 -84 
252 85 51 55 104 -147 
249 84 53 -160 82 93 
258 84 61 -35 174 -1 
257 77 53 6 363 53 
269 93 52 23 562 -9 
252 86 41 265 133 178 
258 83 37 123 119 254 
266 85 39 174 92 243 
270 80 32 190 15 205 
274 83 31 390 -491 155 
263 59 20 451 -131 211 
268 64 20 390 -215 190 
269 53 10 416 -342 298 
271 56 3 260 -298 391 
278 41 -7 381 -199 91 
256 45 -16 -524 -472 56 
220 47 -13 -9 -195 -213 
303 49 28 -90 -318 81 
241 67 25 -49 -365 40 
270 62 43 48 -124 358 
278 42 52 118 -201 218 
258 78 39 34 -305 302 
319 79 30 48 -278 81 
288 69 25 196 265 316 
280 29 10 -26 289 297 
266 12 6 94 201 516 
268 8 11 -25 275 478 
267 -30 10 -112 245 -359 
256 -10 29 23 82 601 
262 -19 51 204 4 568 
272 -44 52 -294 -273 771 
249 -72 49 -69 -318 316 
262 -73 52 33 -48 206 
274 -89 46 461 -217 820 
228 -99 27 242 -222 731 
253 -80 40 -411 -47 -753 
273 -78 26 -331 101 -1375 
269 -52 29 300 -81 -1137 
280 -25 31 102 -134 -1485 
303 6 33 -233 42 -1557 
283 41 22 -23 -54 -671 
247 62 29 -74 21 -617 
250 74 35 -76 100 -566 
271 86 38 473 187 -552 
245 89 45 138 131 -602 
268 98 20 14 24 -239 
248 96 24 554 -737 249 
274 119 26 637 -882 446 
251 66 22 418 -931 703 
272 92 32 -446 -1301 997 
250 55 26 -222 -1171 1132 
247 44 29 -215 -1070 476 
268 45 53 172 -975 630 
267 16 40 63 -584 246 
265 6 28 21 -1018 319 
279 2 39 362 -887 232 
268 3 39 356 -586 161 
275 -10 33 175 -863 300 
272 -8 23 235 -948 274 
261 -27 15 685 -932 490 
264 -44 2 270 -394 376 
271 -27 2 -272 -169 464 
254 -36 11 -306 -159 594 
256 -50 24 -340 -397 734 
257 -72 18 -400 -253 726 
261 -95 13 -261 -242 671 
279 -104 36 -481 -409 558 
238 -102 18 -161 -20 161 
243 -109 46 -104 480 -80 
246 -107 57 9 847 -5 
258 -117 55 -139 206 731 
243 -112 58 550 -347 1299 
218 -164 17 1096 -400 1340 
228 -170 22 683 681 -318 
231 -119 30 -126 2361 -2214 
280 -108 60 -318 1829 -2215 
285 -59 53 531 1606 -2267 
282 -5 58 319 714 -1644 
263 33 66 -270 299 -1207 
253 40 64 -199 90 -799 
249 74 65 -143 -43 -690 
247 80 64 -2 86 -768 
262 99 70 -45 103 -667 
263 109 67 58 113 -698 
245 118 66 97 2 -735 
244 137 68 -75 -233 -484 
217 134 68 -14 -166 -253 
224 139 68 22 -361 74 
229 136 78 225 -680 7 
230 166 71 411 -900 -127 
232 135 83 139 -669 -116 
229 131 87 94 -619 -325 
228 135 75 447 -716 -266 
233 135 88 409 -1029 -249 
233 136 75 680 -989 68 
233 114 80 549 -1071 26 
254 102 119 8 -882 240 
244 15 120 -488 -1218 289 
233 86 111 -257 -1086 315 
243 84 121 -263 -877 256 
233 66 141 8 -1190 -252 
234 65 127 -24 -582 81 
230 62 140 49 -419 257 
241 58 144 390 -661 -38 
240 54 140 455 -653 -162 
243 32 141 341 -689 -140 
239 31 135 149 -1018 -89 
244 36 128 200 -861 9 
239 19 129 135 -634 167 
266 15 123 195 -665 228 
252 8 125 229 -570 205 
249 6 125 389 -829 4 
268 -6 107 406 -442 -5 
249 -13 98 464 -739 -140 
262 -12 92 351 -446 38 
255 -19 90 400 -188 -1 
278 -23 73 547 -15 65 
265 -29 76 -61 -303 480 
267 -47 80 -36 -338 773 
270 -70 81 -474 -146 933 
251 -86 77 -145 -222 908 
238 -109 81 77 -64 870 
222 -121 87 93 -84 813 
248 -116 113 -536 -707 998 
212 -157 92 -525 -809 968 
183 -175 73 -333 -750 613 
177 -187 76 173 -352 62 
181 -180 68 246 -188 -226 
187 -173 58 368 -535 -566 
198 -165 48 237 -677 -693 
207 -164 38 188 -626 -740 
224 -156 20 354 -508 -454 
222 -147 18 294 -315 -209 
224 -129 5 449 -775 -556 
232 -125 -16 486 -790 -562 
235 -109 -33 585 -488 -811 
240 -79 -50 901 -203 -1005 
229 -64 -56 405 85 -964 
253 -64 -66 -16 531 -590 
252 -48 -62 -156 570 -353 
248 -29 -50 -72 760 -433 
257 -25 -43 -1 986 -395 
258 -31 -41 213 684 -202 
276 -49 -49 -400 851 -51 
264 -16 -36 120 421 -634 
288 -4 -27 -713 1023 -1037 
251 -11 -9 -825 468 -866 
266 11 -2 -636 531 -641 
279 14 -11 -529 543 -789 
261 57 30 110 -25 -657 
249 60 16 140 -30 -422 
259 69 15 252 -213 -397 
242 89 -11 935 111 -306 
258 101 -1 -285 134 -685 
239 127 33 -334 371 -750 
235 143 46 -233 171 -187 
253 133 41 -128 139 -69 
238 133 46 -116 64 -71 
221 143 46 -216 24 61 
241 133 50 -88 33 -155 
222 156 30 458 -187 -229 
230 143 48 611 -70 -31 
237 153 30 487 -57 53 
209 170 23 509 -154 -217 
241 159 15 103 -27 -255 
234 158 23 -15 -29 -416 
225 168 6 -200 64 -326 
215 187 17 -323 -30 -282 
210 177 8 -412 12 -168 
212 189 28 -246 -69 -318 
188 196 44 -114 -78 -314 
198 197 41 -230 -168 -368 
198 194 34 -62 -144 -129 
191 194 34 52 -38 55 
187 203 32 90 -20 21 
195 196 41 42 -33 70 
188 203 44 58 -44 -12 
192 201 44 87 -40 51 
196 198 50 17 -48 36 
192 197 42 35 -1 23 
195 195 45 42 -5 -5 
194 196 41 22 -11 29 
193 194 43 9 -14 36 
196 199 44 37 -36 1 
198 193 47 65 -31 42 
198 194 44 -50 6 27 
193 196 45 38 -38 -4 
194 197 45 42 4 18 
201 191 45 -1 -24 58 
194 194 42 -19 -23 67 
197 190 43 -13 -7 33 
197 192 48 -48 -7 101 
204 190 48 -16 -5 66 
194 191 46 -42 -14 84 
197 191 47 9 -18 27 
197 192 48 12 -15 56 
201 187 49 2 0 53 
206 186 49 11 -9 37 
205 189 52 1 -33 22 
197 188 48 -7 2 -11 
201 189 46 9 -4 0 
207 183 48 6 -19 57 
220 180 66 -195 16 218 
239 172 91 -854 33 539 
154 47 227 435 25 -104 
166 44 230 493 -27 59 
169 56 222 512 -2 -191 
187 45 224 601 83 -11 
188 47 192 537 191 -90 
215 59 216 432 -17 -64 
204 59 182 671 -8 1 
230 41 142 1549 6 471 
241 43 151 457 142 176 
240 61 184 -941 301 -138 
227 65 192 -1472 332 -435 
221 62 210 -1391 112 -112 
168 79 251 -1110 -135 81 
144 75 251 -1276 -252 171 
126 64 250 -1393 -306 333 
108 57 255 -1099 -485 184 
248 -72 38 177 -67 104 
254 -82 27 115 437 129 
263 -82 33 267 710 -173 
262 -74 34 232 800 -224 
250 -66 52 -12 533 198 
284 -71 69 -1509 -181 1032 
164 -47 58 -620 305 973 
213 -58 78 -1735 1093 1744 
226 -165 160 -904 633 1368 
206 -178 153 -708 643 571 
176 -138 178 635 1146 -168 
195 -119 176 349 -43 -88 
197 -128 170 -1598 -177 768 
122 -121 190 -296 395 151 
135 -122 201 -138 165 -435 
189 -109 182 963 -162 340 
199 -80 172 1251 28 -616 
205 -98 223 957 358 -753 
206 -121 275 -1320 269 248 
206 -120 326 -3310 1030 872 
149 -58 253 -4020 377 934 
17 -52 202 -2828 99 431 
-67 -80 242 -2013 192 160 
-116 -46 249 -1074 -106 -256 
-129 -53 217 -452 184 -151 
-133 -60 242 -121 -51 -3 
-143 -59 233 -91 -42 114 
-141 -43 248 -147 -34 50 
-139 -46 226 -10 -158 43 
-89 -3 134 2159 578 -249 
12 -15 202 4068 1307 153 
36 -6 341 2647 -847 -588 
95 -16 312 2448 -434 -648 
142 -49 285 1959 -597 -403 
184 -43 165 2071 -462 -230 
215 -41 249 2316 -51 -22 
214 -53 282 988 102 41 
238 -63 158 -284 203 377 
199 -77 150 12 123 379 
202 -84 172 211 312 534 
197 -80 146 78 537 834 
222 -117 146 -48 285 918 
228 -18 170 104 109 561 
209 -88 188 95 142 421 
196 -97 146 627 33 250 
231 -101 242 -829 137 830 
174 -129 170 137 154 110 
188 -123 184 195 -302 170 
180 -129 133 872 132 -95 
191 -131 129 305 -179 222 
203 -124 145 392 192 -242 
236 -168 123 559 -375 69 
220 -105 144 179 -716 89 
241 -92 137 -23 -475 -130 
238 -117 121 -42 -659 -155 
200 -143 74 202 116 -960 
256 -86 133 871 -338 -333 
221 -106 97 243 -95 -234 
195 -103 71 383 352 -350 
238 -114 89 450 815 576 
234 -126 70 545 390 168 
246 -92 81 -357 -43 -155 
247 -108 94 -1166 -185 521 
220 -130 92 552 979 -48 
213 -113 111 69 53 15 
224 -129 106 1237 173 -148 
233 -130 68 1382 148 -281 
250 -117 49 691 269 -409 
255 -89 54 187 79 -379 
264 -106 47 -148 6 -307 
264 -72 57 58 -19 -337 
258 -73 42 100 8 -376 
270 -61 42 27 0 -266 
268 -57 28 20 -50 -211 
264 -48 30 -251 -228 -469 
247 -52 17 -96 -254 -497 
261 -39 34 -132 -383 -297 
283 -32 39 -3 -350 -391 
281 -22 43 141 -183 -288 
250 25 65 219 33 -382 
250 28 56 -195 -471 -754 
262 11 66 -383 33 -283 
256 30 57 -259 351 68 
263 25 51 -28 234 497 
302 16 50 1105 217 280 
268 19 71 -129 136 16 
280 -2 47 115 37 83 
258 9 37 214 -144 -58 
237 11 43 -45 -405 74 
282 2 67 179 50 321 
285 9 41 153 -44 185 
289 12 37 82 -77 104 
261 12 22 163 261 0 
262 13 36 -51 457 134 
258 2 34 -115 687 247 
285 -23 35 123 739 34 
268 -14 34 20 351 -44 
264 18 44 -68 216 44 
278 -29 50 -130 744 -27 
276 -26 58 -68 -31 91 
270 7 67 -27 -142 7 
280 19 80 -88 -116 -238 
311 14 83 -170 -143 -329 
304 29 84 -481 -146 -668 
277 31 85 -806 -77 -522 
247 27 75 -670 -218 -418 
233 13 83 -467 -377 -239 
227 26 99 -317 -411 -234 
230 27 103 13 -112 66 
233 34 106 323 -118 203 
241 38 97 380 137 267 
257 10 96 441 97 391 
229 13 67 676 70 416 
259 50 99 692 -293 330 
255 42 110 394 -473 89 
300 18 88 391 -273 211 
281 16 82 141 -182 -214 
274 22 60 41 -162 -194 
268 -8 63 115 -106 -185 
268 5 50 -27 -185 -106 
265 31 61 145 -51 169 
266 30 71 63 -166 83 
272 28 60 163 -67 173 
275 30 58 126 27 242 
266 14 59 -42 -10 89 
272 13 52 23 25 92 
274 17 49 -3 21 53 
272 12 50 23 -57 43 
273 13 58 29 -82 0 
276 14 58 5 -47 -25 
266 12 55 20 -44 -12 
272 9 56 9 -71 -40 
272 9 56 54 -70 3 
269 13 56 22 -66 16 
268 13 57 22 -54 27 
268 13 61 7 -44 13 
272 11 61 0 -18 7 
272 12 62 -20 -23 -2 
278 11 65 -55 39 65 
281 11 94 -694 274 4 
274 12 92 -951 342 2 
273 21 110 -1110 182 -113 
265 25 127 -1288 173 -33 
240 19 152 -1373 2 -14 
229 23 179 -1403 -164 -11 
206 20 200 -1386 -109 -2 
171 17 220 -1300 -68 52 
138 18 249 -1308 -13 80 
102 23 255 -1396 211 -18 
83 18 267 -1195 230 112 
40 34 264 -1196 495 157 
23 40 261 -1112 509 85 
-8 66 248 -849 547 132 
-36 76 250 -321 325 71 
-37 92 257 -226 -16 70 
-37 83 266 -13 -125 87 
-34 77 268 -11 -77 39 
-27 84 271 -48 -74 -3 
-37 80 263 48 -69 -31 
-38 74 257 210 -197 -10 
-38 64 255 954 -385 -91 
29 42 260 1306 -330 -142 
54 39 264 1499 -221 -52 
105 30 258 1627 -200 -4 
141 27 248 1537 -390 -4 
152 30 225 1695 -313 -36 
201 19 204 1650 -52 103 
221 19 166 1656 -175 -25 
259 20 145 1519 -213 -244 
292 18 113 1277 -232 -66 
278 11 91 1042 -194 246 
260 19 103 739 284 55 
287 25 91 274 327 21 
274 20 67 -32 -45 -31 
276 8 57 -36 2 -13 
267 6 58 -20 32 7 
272 11 64 -59 39 48 
289 22 83 -403 124 33 
284 21 97 -745 159 -29 
283 12 115 -1281 69 99 
270 16 145 -1783 -36 59 
247 22 188 -2078 -25 146 
200 7 211 -2265 -55 -2 
142 8 245 -2176 63 16 
69 21 247 -2002 329 -12 
52 14 261 -1743 407 135 
5 42 249 -1605 754 -52 
-49 59 244 -988 607 47 
-65 69 240 -172 145 23 
-69 75 255 77 -123 50 
-59 75 266 86 -130 22 
-62 67 270 -7 18 -3 
-64 72 263 -28 -4 1 
-63 68 263 51 -28 -6 
-63 68 257 169 -121 30 
-74 67 223 714 -55 127 
-46 59 224 1604 9 -122 
18 45 252 1981 -289 -178 
81 40 249 2166 -33 -168 
135 63 251 2341 368 195 
192 53 227 2111 32 437 
231 52 182 1968 -133 159 
278 20 130 1774 24 50 
278 32 90 1559 -806 636 
318 58 119 892 320 329 
288 23 87 -111 -59 8 
268 22 57 -67 18 -94 
267 9 51 29 87 -44 
269 16 57 32 14 28 
267 21 62 -11 -7 16 
269 21 59 11 30 15 
272 20 57 -4 19 15 
273 20 60 -1 26 27 
277 22 68 -161 75 5 
273 29 67 -313 87 -4 
285 26 93 -804 -290 -35 
289 29 118 -1222 -341 -206 
276 48 137 -1793 -16 -177 
240 20 180 -2221 -51 -191 
195 37 210 -2193 49 -136 
164 18 225 -2183 58 -43 
116 12 223 -2092 298 151 
79 46 248 -1809 409 -110 
10 65 224 -1526 495 -20 
-62 84 221 -632 121 68 
-37 70 247 26 -91 49 
-17 60 279 123 -125 -13 
-19 73 276 10 -119 2 
-22 68 276 24 19 20 
-18 66 276 24 25 25 
-20 66 272 93 53 -16 
-18 66 277 30 39 0 
-21 68 274 9 -17 30 
-16 66 272 18 -2 6 
-18 69 273 65 23 0 
-22 68 268 89 -20 8 
-29 66 254 207 -85 34 
-37 65 220 838 -273 235 
17 42 219 2248 -196 221 
106 34 241 2563 -271 133 
178 35 225 2434 -241 183 
207 35 195 2618 -357 19 
263 25 152 2396 -125 -68 
315 -15 83 2251 21 454 
318 38 112 924 -315 248 
288 11 89 -68 -52 -50 
265 2 56 -50 181 -88 
262 -11 43 10 198 -72 
270 0 51 32 6 32 
271 4 62 35 15 62 
273 7 54 -28 104 -13 
288 7 67 -349 50 -13 
309 9 108 -1377 41 -1 
298 18 142 -2140 -83 -300 
281 4 176 -2635 216 -629 
205 36 198 -2484 360 -649 
151 41 223 -2257 353 -695 
81 50 234 -1725 485 -387 
69 68 239 -1487 622 -526 
-24 102 217 -864 420 -204 
-36 105 239 -222 75 53 
-19 113 261 26 -81 32 
-18 113 263 9 -7 20 
-18 111 263 -22 22 -12 
-28 112 257 -34 -9 -1 
-21 108 261 -9 0 -16 
-23 112 258 15 -23 17 
-21 112 258 48 -36 35 
-24 109 249 131 -101 68 
-34 108 231 440 -265 209 
-26 86 221 1042 -468 475 
36 63 227 1932 -542 506 
127 51 237 2353 -362 280 
165 52 226 2396 -169 424 
213 47 203 2251 -154 558 
258 40 175 1985 -97 486 
268 14 116 1980 -204 380 
332 -4 83 775 -822 587 
295 39 134 348 -457 96 
269 15 97 51 -58 -52 
270 -2 69 -31 259 -157 
263 -8 58 -12 46 -23 
263 -2 63 49 -43 62 
270 7 70 1 -34 57 
274 6 72 13 25 -5 
270 0 65 10 54 -26 
268 0 66 35 6 12 
269 2 68 25 -44 27 
267 2 70 -6 0 3 
273 1 70 -72 37 -12 
286 6 94 -588 224 -81 
297 25 133 -1654 171 -260 
278 16 172 -2468 96 -559 
252 30 206 -2666 128 -590 
185 42 212 -2520 329 -482 
105 57 232 -2048 776 -489 
32 66 212 -1612 794 -438 
-49 111 211 -751 486 -175 
-17 115 240 65 -42 -6 
-17 122 259 83 -139 40 
-18 119 255 108 -45 42 
-38 115 238 456 -89 51 
-5 100 296 1996 -682 494 
118 99 270 4346 -452 2257 
385 -47 94 7511 -2925 1191 
161 -15 -76 3105 -3362 2486 
226 -96 -11 -1614 -2679 477 
442 -95 521 753 -514 86 
292 -53 44 258 1459 -185 
263 -117 -134 -1181 -1302 460 
300 -60 226 307 743 -694 
210 -72 -95 331 -89 190 
284 -63 118 129 122 -137 
250 -57 61 393 175 309 
51 23 79 -966 1983 -152 
135 -16 57 -2751 2886 871 
445 -161 118 -2880 1879 145 
377 -30 73 6378 522 -438 
325 -14 130 571 116 -265 
250 -21 99 159 -401 142 
307 1 123 -671 -461 9 
311 -8 131 -1995 -268 -222 
276 -18 192 -2962 -175 -24 
205 -41 207 -3111 267 168 
117 -10 221 -2737 623 44 
54 19 212 -2293 1139 39 
-27 45 214 -1095 754 -67 
-35 65 240 -306 301 -67 
-36 65 260 3 -120 67 
-28 66 263 186 -221 52 
-46 64 237 618 -415 83 
-10 35 228 1570 -563 83 
40 18 218 2623 -825 -126 
135 -11 220 3104 -799 -64 
198 -18 184 2928 -287 345 
283 -29 189 2838 -237 615 
390 -39 109 1433 -21 362 
300 -14 139 464 269 -26 
303 -11 144 765 583 156 
259 -66 96 814 628 226 
250 -88 44 554 482 208 
220 -68 38 47 587 313 
255 -39 33 315 569 477 
283 -41 15 504 680 529 
281 -43 9 418 456 386 
281 -64 34 241 438 -28 
258 -83 37 -77 527 -285 
246 -86 15 286 312 69 
244 -84 4 -99 -46 22 
265 -78 19 -101 -154 83 
282 -70 33 -4 -167 -110 
247 -53 43 106 -54 -73 
251 -55 29 159 55 3 
263 -71 28 48 61 -12 
262 -69 41 -43 24 -89 
253 -62 42 57 100 37 
261 -69 24 53 140 78 
268 -71 17 28 6 -19 
256 -67 29 46 -29 14 
257 -68 33 -7 -34 25 
269 -71 27 8 -7 30 
256 -65 28 26 -9 1 
260 -72 23 30 -32 4 
262 -69 29 78 14 5 
256 -64 22 55 -19 51 
258 -68 27 86 -36 32 
262 -65 32 50 -9 45 
260 -72 24 -11 -4 45 
262 -69 20 -3 -47 -13 
264 -72 29 29 -28 -5 
249 -69 31 61 -13 33 
271 -73 22 -18 -19 -1 
261 -74 21 74 -3 12 
258 -71 23 20 -33 33 
264 -74 24 -17 -37 21 
255 -67 26 16 -44 4 
256 -70 24 28 -20 29 
259 -74 22 27 -59 3 
247 -70 28 104 16 78 
264 -76 19 9 -34 48 
272 -71 24 -21 -54 -15 
257 -75 24 61 -1 -2 
251 -74 24 53 6 54 
258 -72 21 32 -10 32 
265 -80 21 8 -53 -64 
246 -66 35 171 45 43 
257 -75 25 8 74 -10 
274 -70 25 117 77 -37 
266 -76 16 147 91 -43 
248 -71 11 127 -21 63 
250 -74 3 95 -124 87 
258 -79 9 -41 -201 159 
238 -70 6 91 -192 234 
222 -73 1 -94 -326 449 
267 -121 -15 46 -121 19 
293 -95 -4 -591 -398 -39 
261 -74 -1 -482 -130 -312 
264 -65 4 251 179 -279 
292 -80 -3 -120 109 -535 
219 -59 27 -721 -260 -686 
286 -49 65 0 -119 -174 
246 -59 50 -141 27 338 
262 -66 60 135 5 662 
254 -67 70 -162 -33 201 
237 -70 69 -107 -25 197 
237 -81 73 -367 -186 205 
255 -82 79 -530 -183 140 
247 -98 79 -367 -224 227 
226 -108 81 -350 -257 324 
241 -121 76 -451 -415 40 
277 -102 85 88 -425 167 
212 -80 73 276 58 190 
239 -156 44 189 203 154 
189 -136 56 -46 -7 133 
211 -125 64 -13 -37 210 
236 -124 68 -167 34 -8 
218 -137 64 71 128 137 
220 -120 62 317 168 342 
228 -148 54 139 86 422 
224 -154 62 -322 -245 75 
43 51 44 53 46 55 
14 20 13 19 10 14 
7 10 5 7 5 8 
6 10 6 9 5 7 
5 8 6 9 5 7 
5 8 7 10 6 9 
2 6 9 8 12 7 
8 13 6 10 8 12 
6 10 8 13 7 11 
8 12 6 10 8 12 
6 9 8 12 7 10 
11 5 9 7 11 8 
7 11 6 9 6 9 
9 7 11 7 11 6 
5 9 5 9 7 11 
2 7 11 6 9 8 
6 10 8 11 6 9 
11 6 9 7 11 6 
7 12 6 9 7 12 
9 7 11 6 9 6 
6 10 8 12 8 11 
11 6 9 6 10 8 
0 8 12 7 11 6 
5 8 6 10 7 11 
1 6 9 5 8 6 
10 6 10 4 8 6 
8 6 9 4 7 5 
6 10 5 8 5 8 
8 6 10 6 10 5 
5 8 5 8 6 10 
6 9 5 7 6 9 
10 4 7 6 10 6 
6 10 5 8 5 9 
8 6 10 6 9 5 
7 6 9 6 10 5 
6 9 5 8 6 10 
7 10 5 8 7 10 
7 10 5 8 6 10 
5 8 7 11 6 9 
5 8 7 11 7 11 
11 6 9 5 9 7 
7 11 7 11 5 9 
8 5 9 7 10 5 
7 10 5 8 7 11 
7 11 5 8 7 11 
8 6 10 5 8 5 
5 9 7 11 7 11 
0 5 8 6 9 7 
11 7 10 5 8 7 
6 10 7 11 6 9 
9 5 8 7 10 5 
7 11 6 9 7 11 
7 11 5 9 6 10 
5 9 7 11 6 9 
5 8 6 10 7 11 
10 6 9 5 8 7 
11 7 11 5 9 7 
5 9 7 10 5 8 
10 5 8 7 10 6 
10 5 8 7 10 7 
6 10 5 8 5 9 
9 7 11 7 10 5 
5 8 6 9 6 10 
6 9 5 8 6 10 
0 7 10 5 8 7 
5 8 6 10 5 8 
5 8 6 10 6 9 
4 7 5 8 5 9 
3 5 2 3 2 3 
0 0 0 0 0 0 
0 0 0 0 0 0 
0 0 0 0 0 0 
0 0 0 0 0 0 
0 0 0 0 0 0 
0 0 0 0 0 0 
0 0 0 0 0 0 
0 0 0 0 0 0 
0 0 0 0 0 0 
0 0 0 0 0 0 
0 0 0 0 0 0 
0 0 0 0 0 0 
0 0 0 0 0 0 
0 0 0 0 0 0 
0 0 0 0 0 0 
0 0 0 0 0 0 
0 0 0 0 0 0 
0 0 0 0 0 0 
0 0 0 0 0 0 
0 0 0 0 0 0 
0 0 0 0 0 0 
0 0 0 0 0 0 
0 0 0 0 0 0 
0 0 0 0 0 0 
0 0 0 0 0 0 
0 0 0 0 0 0 
0 0 0 0 0 0 
0 0 0 0 0 0 
0 0 0 0 0 0 
0 0 0 0 0 0 
0 0 0 0 0 0 
0 0 0 0 0 0 
0 0 0 0 0 0 
0 0 0 0 0 0 
0 0 0 0 0 0 
0 0 0 0 0 0 
0 0 0 0 0 0 
0 0 0 0 0 0 
0 0 0 0 0 0 
0 0 0 0 0 0 
0 0 0 0 0 0 
0 0 0 0 0 0 
0 0 0 0 0 0 
0 0 0 0 0 0 
0 0 0 0 0 0 
0 0 0 0 0 0 
0 0 0 0 0 0 
0 0 0 0 0 0 
0 0 0 0 0 0 
0 0 0 0 0 0 
0 0 0 0 0 0 
0 0 0 0 0 0 
0 0 0 0 0 0 
0 0 0 0 0 0 
0 0 0 0 0 0 
0 0 0 0 0 0 
0 0 0 0 0 0 
0 0 0 0 0 0 
0 0 0 0 0 0 
0 0 0 0 0 0 
0 0 0 0 0 0 
0 0 0 0 0 0 
0 0 0 0 0 0 
0 0 0 0 0 0 
0 0 0 0 0 0 
0 0 0 0 0 0 
0 0 0 0 0 0 
0 0 0 0 0 0 
0 0 0 0 0 0 
0 0 0 0 0 0 
0 0 0 0 0 0 
0 0 0 0 0 0 
0 0 0 0 0 0 
0 0 0 0 0 0 
0 0 0 0 0 0 
0 0 0 0 0 0 
0 0 0 0 0 0 
0 0 0 0 0 0 
0 0 0 0 0 0 
0 0 0 0 0 0 
0 0 0 0 0 0 
0 0 0 0 0 0 
0 0 0 0 0 0 
0 0 0 0 0 0 
0 0 0 0 0 0 
0 0 0 0 0 0 
0 0 0 0 0 0 
0 0 0 0 0 0 
0 0 0 0 0 0 
0 0 0 0 0 0 
0 0 0 0 0 0 
0 0 0 0 0 0 
0 0 0 0 0 0 
0 0 0 0 0 0 
0 0 0 0 0 0 
0 0 0 0 0 0 
0 0 0 0 0 0 
0 0 0 0 0 0 
0 0 0 0 0 0 
0 0 0 0 0 0 
0 0 0 0 0 0 
0 0 0 0 0 0 
0 0 0 0 0 0 
0 0 0 0 0 0 
0 0 0 0 0 0 
0 0 0 0 0 0 
0 0 0 0 0 0 
0 0 0 0 0 0 
0 0 0 0 0 0 
0 0 0 0 0 0 
0 0 0 0 0 0 
0 0 0 0 0 0 
0 0 0 0 0 0 
0 0 0 0 0 0 
0 0 0 0 0 0 
0 0 0 0 0 0 
0 0 0 0 0 0 
0 0 0 0 0 0 
0 0 0 0 0 0 
0 0 0 0 0 0 
0 0 0 0 0 0 
0 0 0 0 0 0 
0 0 0 0 0 0 
0 0 0 0 0 0 
0 0 0 0 0 0 
0 0 0 0 0 0 
0 0 0 0 0 0 
0 0 0 0 0 0 
0 0 0 0 0 0 
0 0 0 0 0 0 
0 0 0 0 0 0 
0 0 0 0 0 0 
0 0 0 0 0 0 
0 0 0 0 0 0 
0 0 0 0 0 0 
0 0 0 0 0 0 
0 0 0 0 0 0 
0 0 0 0 0 0 
0 0 0 0 0 0 
0 0 0 0 0 0 
0 0 0 0 0 0 
0 0 0 0 0 0 
0 1 0 2 0 2 
2 1 3 1 3 0 
1 2 1 2 0 2 
23 25 24 27 26 39 
30 51 31 55 32 65 
12 44 18 54 19 56 
20 38 20 38 18 32 
7 11 4 7 3 6 
7 61 84 80 112 111 
4 189 221 218 247 228 
250 244 227 237 216 224 
78 137 147 114 122 90 
43 49 40 39 28 26 
28 27 26 26 28 28 
21 21 21 22 22 23 
67 94 107 160 142 223 
1 257 413 298 475 337 
663 401 652 399 652 406 
434 686 430 664 418 636 
5 351 508 323 458 332 
445 308 448 318 474 328 
378 597 404 648 437 703 
9 422 667 405 631 383 
481 292 427 297 431 298 
298 434 310 463 324 499 
2 404 644 433 697 433 
691 448 716 454 711 450 
414 615 391 568 362 515 
1 259 338 203 251 158 
122 83 98 68 80 60 
2 45 37 39 33 35 
7 28 24 24 23 23 
2 22 19 18 20 20 
0 19 16 16 18 18 
6 15 14 13 17 16 
7 31 28 33 28 32 
0 72 60 72 79 95 
92 114 79 98 82 102 
87 51 64 43 52 34 
22 17 18 15 16 12 
56 73 74 103 98 132 
144 139 158 139 147 139 
25 141 108 135 83 116 
85 65 77 69 80 70 
47 40 43 37 39 31 
26 27 27 25 24 22 
19 22 21 19 18 18 
17 19 18 16 15 17 
17 17 16 14 13 16 
15 14 13 13 12 15 
14 12 11 12 12 14 
13 11 11 13 13 13 
13 11 11 13 13 12 
10 9 9 11 11 9 
11 12 9 9 11 11 
1 11 9 9 11 11 
9 10 10 8 8 8 
11 8 9 10 11 9 
9 9 7 7 7 8 
9 7 8 6 7 8 
8 8 6 7 8 8 
7 8 6 7 7 8 
8 6 7 6 7 7 
7 7 6 6 8 8 
8 6 7 8 8 7 
6 7 7 8 8 8 
6 7 6 7 7 8 
8 5 6 7 8 6 
5 7 7 8 7 8 
6 5 7 6 8 5 
4 6 6 7 5 6 
5 5 6 7 6 6 
6 6 7 6 7 5 
5 6 6 7 5 6 
6 7 7 6 6 5 
7 7 6 7 5 6 
6 7 7 7 5 6 
6 6 7 5 6 6 
6 7 6 6 5 6 
7 7 7 8 9 8 
40 24 39 24 41 23 
62 5 41 9 48 21 
9 21 40 21 40 21 
9 5 5 5 5 5 
6 7 6 7 5 5 
7 28 29 65 60 104 
230 209 273 254 316 299 
380 423 405 423 405 391 
31 339 301 317 267 281 
166 183 133 146 104 123 
103 95 96 86 88 84 
73 69 69 64 64 64 
57 55 53 52 51 53 
48 46 44 46 45 47 
43 41 40 43 42 43 
39 38 37 41 39 39 
35 34 33 37 36 34 
30 32 31 34 33 31 
28 32 31 32 31 29 
27 31 29 29 28 27 
25 26 24 60 54 96 
210 187 248 221 286 267 
338 407 389 385 372 363 
8 308 281 288 251 262 
157 170 125 130 119 123 
108 101 103 95 96 91 
80 80 79 78 74 73 
66 65 65 64 61 60 
59 58 58 56 55 53 
54 52 52 50 50 48 
50 48 47 45 47 45 
47 45 44 42 46 44 
44 42 42 40 44 42 
41 40 40 38 42 41 
38 36 38 37 40 38 
36 34 37 36 38 36 
34 32 36 35 35 33 
32 31 35 33 32 31 
120 100 167 139 211 190 
1 347 323 393 365 439 
465 459 452 427 428 394 
327 334 292 292 258 263 
4 147 153 137 141 131 
120 115 116 112 113 108 
103 102 99 98 96 95 
89 88 84 83 83 81 
77 76 73 71 73 71 
113 97 157 140 203 176 
69 337 308 382 352 426 
1 489 477 484 444 452 
338 354 303 326 264 288 
13 146 172 153 154 148 
7 137 134 133 128 127 
120 118 119 117 118 116 
11 113 110 109 106 109 
5 102 105 102 104 102 
1 98 97 95 97 95 
94 91 90 87 91 88 
87 84 83 81 84 82 
120 106 141 128 165 145 
95 236 214 260 240 285 
5 300 294 291 283 281 
233 237 215 226 193 202 
66 140 147 132 138 124 
2 114 108 109 102 102 
3 92 93 92 91 90 
2 80 83 82 81 79 
5 73 77 75 74 72 
1 69 72 70 69 66 
8 66 68 66 65 63 
5 63 64 62 61 59 
2 61 60 58 59 57 
0 58 57 55 58 56 
8 56 55 53 57 55 
5 54 53 51 55 54 
3 50 52 50 54 52 
133 126 155 142 178 161 
0 247 230 265 257 248 
238 213 219 199 212 181 
145 160 124 143 108 118 
6 95 99 91 93 84 
5 104 113 139 140 173 
241 281 284 319 317 356 
433 406 432 427 420 428 
1 361 383 334 350 308 
266 219 243 191 208 172 
145 151 136 141 131 133 
0 117 117 113 112 110 
105 125 119 146 130 169 
218 196 242 222 268 251 
9 345 329 329 318 319 
286 265 275 241 250 219 
171 183 149 156 149 154 
6 127 129 121 121 120 
111 112 110 110 108 106 
105 103 101 99 101 99 
95 96 94 92 90 93 
88 89 86 86 83 87 
82 82 79 80 78 74 
157 135 185 170 214 195 
57 306 286 337 312 376 
9 347 325 342 307 320 
241 260 218 240 193 220 
81 155 162 143 148 137 
4 124 122 122 117 116 
276 380 332 469 386 559 
10 515 775 551 838 606 
1 890 585 857 566 816 
479 650 453 601 421 543 
83 279 325 235 271 198 
2 166 137 147 121 128 
223 301 260 362 291 420 
43 401 603 438 665 480 
6 746 498 751 501 740 
454 637 429 588 398 536 
21 284 340 235 277 195 
7 165 128 141 117 126 
94 98 91 93 85 87 
77 77 78 77 74 73 
72 71 73 71 70 68 
70 68 69 67 67 65 
67 66 65 63 64 62 
64 63 62 60 62 60 
62 60 59 57 61 59 
60 58 58 56 60 58 
58 55 57 55 58 57 
55 53 56 54 57 55 
54 51 55 53 55 53 
52 50 55 53 54 51 
52 50 54 52 51 49 
128 172 163 232 199 289 
7 305 464 343 524 376 
9 634 405 631 407 630 
405 626 405 624 402 623 
22 401 620 401 619 402 
0 618 402 619 399 619 
399 620 399 621 404 622 
21 403 621 400 620 399 
0 620 398 619 404 619 
403 618 399 617 397 617 
16 396 616 402 616 398 
1 616 398 616 395 615 
396 615 401 615 398 615 
15 398 615 396 615 401 
6 616 401 616 400 616 
400 616 397 616 401 617 
16 402 617 402 617 399 
3 617 401 618 404 618 
405 619 406 619 403 619 
18 402 618 403 618 404 
7 573 348 524 318 476 
224 319 193 265 161 210 
0 85 91 81 85 76 
7 65 65 65 65 62 
8 59 58 59 58 57 
4 57 55 57 55 54 
1 55 53 54 52 53 
0 54 52 51 48 91 
202 291 237 351 274 410 
30 384 589 425 651 419 
2 647 419 646 420 647 
420 647 422 647 419 647 
47 419 647 419 647 422 
8 647 423 647 420 648 
421 649 420 650 425 650 
50 426 650 423 650 421 
3 651 421 652 427 652 
427 653 424 653 422 653 
53 422 653 427 653 424 
8 653 425 653 423 654 
422 653 427 653 426 653 
53 426 653 423 653 428 
7 657 398 603 366 552 
267 388 233 332 199 273 
58 90 95 85 90 80 
71 66 66 66 66 65 
61 59 57 60 59 59 
55 55 53 57 55 55 
51 53 51 55 54 57 
48 50 46 47 45 46 
31 34 23 29 21 35 
21 29 18 29 20 34 
24 32 25 35 26 37 
23 31 22 34 21 32 
18 27 19 32 19 29 
20 29 22 34 20 29 
21 32 21 34 20 29 
39 44 38 45 39 45 
47 51 50 38 34 40 
39 40 37 43 42 39 
44 47 50 56 61 50 
65 64 74 65 73 67 
74 74 82 70 76 63 
68 100 128 154 214 212 
6 487 386 580 445 674 
620 953 633 977 637 979 
81 638 980 635 980 635 
6 980 635 980 640 979 
640 947 612 896 584 841 
3 460 627 411 545 359 
5 307 197 235 169 199 
107 120 91 100 106 125 
1 160 215 179 250 204 
367 277 407 307 452 309 
319 472 319 477 324 478 
7 246 355 222 318 198 
195 120 155 95 112 67 
67 70 64 66 59 59 
56 56 56 55 52 51 
53 52 51 50 49 48 
50 49 48 47 47 46 
49 48 46 45 47 46 
87 71 124 109 163 140 
3 284 258 325 297 365 
418 450 442 452 437 457 
459 448 464 456 465 466 
0 470 470 467 457 469 
458 469 462 470 473 467 
471 475 469 461 470 463 
2 470 464 471 476 468 
475 469 462 469 462 472 
472 463 475 475 473 466 
4 447 442 424 422 398 
342 313 319 281 282 253 
194 196 190 192 184 185 
7 174 172 170 168 169 
160 162 160 160 157 155 
164 173 174 186 183 201 
7 206 243 210 256 221 
291 236 292 233 292 230 
232 293 229 293 233 293 
4 234 295 232 295 229 
296 229 296 232 295 231 
232 294 231 294 228 295 
6 230 297 233 298 234 
300 235 300 233 301 234 
233 302 233 303 235 302 
3 234 303 231 304 232 
274 216 267 211 256 204 
189 215 178 200 169 183 
3 151 159 140 145 136 
124 111 110 100 101 87 
105 127 128 153 145 182 
20 213 253 246 282 279 
337 331 332 320 329 325 
311 324 318 325 325 323 
26 327 324 313 327 320 
271 282 258 272 244 253 
232 194 208 179 198 159 
71 179 157 162 150 153 
134 134 132 131 128 126 
123 123 121 123 121 122 
21 118 120 117 119 116 
117 114 117 114 117 113 
112 115 112 114 111 114 
13 110 113 109 113 110 
111 108 111 107 110 106 
106 109 105 110 106 109 
9 106 109 105 107 103 
106 103 107 104 107 104 
103 106 103 104 101 105 
3 99 104 101 104 101 
103 99 100 97 102 99 
98 101 98 98 95 100 
99 96 99 95 96 93 
87 84 92 91 94 92 
1 118 108 144 135 153 
234 298 276 352 325 435 
554 524 624 601 671 646 
3 802 786 823 806 850 
846 872 865 867 862 870 
877 874 879 869 890 883 
4 893 886 888 885 886 
887 887 877 895 888 890 
895 888 892 891 889 879 
3 891 880 899 890 897 
891 898 898 894 884 901 
895 885 899 891 892 895 
6 757 779 700 720 646 
543 456 488 389 425 326 
274 289 257 268 244 252 
8 219 221 212 213 210 
201 202 200 201 199 199 
198 195 196 193 196 192 
0 194 190 194 190 192 
188 191 187 190 186 191 
189 185 190 186 189 185 
5 188 184 187 183 188 
182 187 184 187 183 185 
187 183 185 181 186 182 
9 148 152 133 137 118 
98 70 92 54 75 38 
55 26 60 21 47 25 
60 22 61 19 49 24 
62 19 55 20 48 24 
60 21 48 24 49 27 
63 24 50 28 59 27 
64 24 53 29 66 25 
58 24 50 28 64 23 
49 26 50 27 61 23 
64 65 78 76 90 89 
128 124 143 139 152 145 
52 157 152 159 154 158 
9 155 159 154 158 153 
157 153 159 155 158 154 
54 158 154 156 152 141 
7 162 184 170 201 184 
254 236 272 261 291 275 
21 298 295 293 300 280 
5 268 239 253 222 230 
178 184 190 194 179 182 
70 165 164 164 162 162 
8 155 157 154 155 151 
152 148 152 149 152 148 
47 150 147 149 145 149 
7 143 147 143 147 143 
145 142 144 140 143 140 
38 141 138 141 138 140 
0 136 139 135 138 134 
137 133 137 134 136 133 
32 135 132 134 130 135 
3 129 134 130 133 129 
132 128 131 127 131 128 
26 130 127 130 126 129 
9 125 128 124 128 124 
127 123 127 123 126 121 
22 125 121 125 121 125 
5 121 125 121 123 120 
123 119 123 119 123 119 
19 123 119 122 118 122 
1 117 121 118 122 118 
121 118 120 117 120 117 
16 120 116 120 117 119 
9 116 119 115 119 115 
118 114 119 115 118 114 
15 118 114 117 114 118 
7 113 117 114 117 113 
116 113 116 112 116 113 
11 116 112 116 112 115 
5 112 114 111 115 111 
114 111 114 111 113 110 
10 113 109 113 110 114 
3 109 113 109 112 108 
112 108 112 108 112 109 
8 112 108 111 107 111 
1 107 111 107 111 108 
111 108 110 107 110 107 
6 110 106 110 107 110 
0 107 109 106 109 106 
108 105 109 106 109 105 
6 109 105 108 104 108 
7 104 108 105 108 104 
107 104 106 103 107 104 
3 107 104 107 104 106 
7 103 106 102 106 103 
106 103 106 102 105 101 
2 104 101 105 102 105 
4 101 104 101 103 100 
103 100 103 100 103 100 
0 103 100 102 99 103 
8 102 99 103 99 102 
101 97 101 98 102 98 
1 98 100 96 101 97 
97 100 97 99 96 100 
99 96 99 96 98 95 
99 95 98 95 97 94 
98 95 97 93 97 93 
97 94 96 92 96 93 
96 93 95 91 95 92 
94 91 94 90 94 91 
93 90 93 90 94 90 
92 88 92 89 92 89 
91 87 91 88 91 88 
90 86 90 87 90 87 
88 86 89 86 88 85 
88 85 88 86 87 84 
87 85 87 84 86 83 
86 84 86 83 85 82 
85 83 84 82 84 82 
84 82 83 80 84 81 
84 80 83 79 83 80 
83 79 82 79 83 80 
81 78 81 78 82 79 
80 77 81 78 81 78 
79 76 80 77 80 77 
78 76 79 77 78 76 
77 75 78 75 77 74 
76 74 77 74 76 73 
76 73 76 73 75 72 
75 73 75 72 74 71 
74 72 73 70 73 71 
73 70 72 69 73 70 
72 69 72 68 72 69 
71 68 71 68 72 69 
70 67 70 67 70 68 
69 66 70 67 70 67 
68 65 69 67 69 66 
67 65 68 66 67 64 
67 64 67 64 66 63 
66 64 66 64 65 63 
65 63 65 63 64 62 
64 62 63 61 63 61 
64 61 62 60 63 61 
63 61 62 60 63 61 
62 60 62 59 62 60 
61 58 61 58 62 59 
60 57 61 58 61 58 
60 57 60 58 60 58 
59 57 60 58 59 57 
59 57 60 58 58 56 
58 56 58 56 57 55 
58 56 58 56 57 55 
58 56 57 55 57 55 
58 56 57 54 57 55 
57 55 56 54 57 55 
57 54 56 54 57 54 
56 53 56 53 56 54 
55 53 55 53 56 54 
55 52 55 53 55 53 
54 52 55 53 55 52 
54 52 55 53 54 52 
54 52 55 53 54 51 
54 52 54 52 53 51 
54 52 54 51 53 51 
54 52 53 51 53 51 
53 51 52 50 53 50 
52 50 52 49 52 50 
52 50 52 50 53 51 
52 49 52 50 52 50 
51 49 52 49 52 50 
51 49 52 50 52 49 
51 49 52 50 51 49 
51 49 51 49 50 48 
51 49 51 49 50 47 
51 48 51 48 50 47 
51 48 50 47 50 47 
50 48 49 47 49 47 
50 48 49 46 49 48 
49 47 49 47 50 48 
49 47 49 47 49 47 
48 46 49 47 49 47 
48 46 49 47 49 47 
48 46 49 47 48 46 
48 45 48 46 47 45 
48 46 48 46 47 45 
48 46 48 46 47 45 
48 46 47 45 47 45 
48 46 47 45 47 45 
47 45 46 44 47 45 
47 45 46 44 47 45 
46 44 46 44 47 45 
45 43 46 44 46 44 
45 43 46 44 46 44 
45 43 46 44 45 44 
45 43 46 44 45 43 
45 43 45 43 44 42 
45 43 45 43 44 42 
45 43 44 42 44 42 
45 43 44 42 44 42 
45 43 43 42 44 42 
44 42 43 41 44 42 
44 41 43 41 44 42 
43 41 43 41 44 42 
43 40 43 41 43 41 
42 40 43 41 43 41 
42 40 43 41 42 40 
42 40 43 41 42 40 
42 41 42 41 41 39 
42 40 42 40 41 39 
42 41 41 39 41 39 
42 40 41 39 41 40 
42 40 41 39 41 40 
41 39 40 39 41 40 
40 38 40 38 41 39 
40 38 40 38 41 39 
40 38 41 39 40 38 
39 37 40 38 40 38 
40 38 41 39 40 38 
40 38 40 39 39 37 
40 38 40 38 39 37 
40 37 39 37 39 36 
39 37 38 36 39 37 
39 37 38 36 39 37 
39 37 38 36 39 37 
38 36 38 36 39 37 
38 36 38 36 38 37 
37 36 38 37 38 37 
37 35 38 36 38 36 
37 35 38 36 37 35 
36 35 37 35 36 34 
37 36 37 36 36 34 
37 36 37 35 36 34 
37 35 36 34 36 34 
37 35 36 34 36 34 
36 35 35 34 36 35 
36 34 35 34 36 35 
35 33 35 33 36 34 
35 33 35 33 35 34 
34 33 35 34 35 33 
34 32 35 33 34 32 
34 32 35 33 34 32 
35 33 35 33 34 32 
35 33 34 33 34 32 
35 33 34 32 34 32 
35 33 34 32 34 32 
34 33 33 32 34 33 
34 32 33 31 34 32 
33 31 33 31 34 32 
33 31 33 31 34 32 
32 31 33 32 33 32 
32 31 33 32 33 31 
32 31 33 32 32 30 
32 31 33 31 32 30 
33 31 33 31 32 30 
33 31 32 31 32 30 
33 31 32 30 32 30 
32 31 31 29 32 30 
32 30 31 30 32 31 
32 30 31 30 32 31 
31 29 31 30 32 30 
31 29 31 30 32 30 
31 29 32 30 31 29 
30 29 31 30 30 29 
31 29 31 30 30 28 
31 29 31 29 30 28 
31 29 30 29 30 28 
31 29 30 28 30 29 
31 29 30 28 30 29 
30 29 30 28 30 29 
30 28 29 28 30 29 
29 28 29 28 30 28 
29 28 30 28 30 29 
29 27 30 28 30 28 
29 27 30 29 29 28 
29 28 30 28 29 27 
29 28 30 28 29 27 
29 28 29 28 28 27 
29 28 28 27 28 27 
29 27 28 26 29 27 
29 27 28 26 29 27 
29 27 28 26 29 27 
28 26 28 26 29 27 
28 26 28 27 29 27 
27 26 28 27 28 27 
27 26 28 27 28 26 
27 26 28 27 27 26 
28 26 28 27 27 26 
28 27 28 26 27 26 
28 26 27 26 27 25 
28 26 27 25 27 25 
28 26 27 25 28 26 
27 26 26 25 27 26 
27 26 27 25 27 26 
26 25 27 25 27 26 
26 24 27 25 27 25 
26 25 27 26 27 25 
26 25 27 26 26 24 
26 25 27 25 26 24 
26 25 26 25 25 24 
26 25 26 24 25 24 
26 25 25 24 25 24 
26 24 25 23 25 24 
26 25 25 24 26 25 
25 24 25 24 26 25 
24 23 25 24 25 24 
25 23 25 24 26 24 
24 23 25 24 25 23 
24 23 25 24 24 23 
25 23 25 24 24 23 
25 24 25 24 24 23 
25 24 25 23 24 23 
25 24 24 23 24 23 
25 24 24 22 25 23 
25 23 24 22 25 24 
25 23 24 23 25 24 
24 23 24 23 25 24 
24 23 25 24 25 24 
24 22 25 23 25 23 
24 22 25 24 24 22 
24 22 24 23 23 22 
24 23 24 23 23 22 
24 23 24 23 23 22 
24 23 23 22 23 22 
24 22 23 21 23 22 
24 23 23 22 24 23 
23 22 23 21 24 22 
23 21 23 21 23 22 
23 21 23 22 24 22 
23 21 23 22 23 22 
22 21 23 22 23 21 
22 21 23 22 22 21 
